4304 781 3151 1403 2351 1202 null 3766 1610 1602 null 2896 
0 1 0.3397220530005436
0 2 0.43619586188011183
0 3 0.39944906062213825
0 4 0.35632154687151923
0 5 0.45614390091772694
0 6 0.33740121277226465
0 7 0.4182686704172789
0 8 0.3605498217470665
0 9 0.3652489930518088
0 10 0.4103209782789231
0 401 0.27394307248699745
0 11 0.36251868345530774
0 12 0.41634830998061156
0 3044 0.25266152801088604
0 13 0.40593744295177925
0 14 0.31077408886991414
0 15 0.3334481646157619
0 17 0.36275554560126966
0 16 0.33336057465241
0 19 0.28613374946976855
0 18 0.3388571524379247
0 21 0.299134348037774
0 20 0.24007091348827703
0 23 0.3040516530913423
0 22 0.28188346876395226
0 25 0.39575818837898935
0 24 0.39539490322633875
0 27 0.34408207918129224
0 26 0.28268632054969894
0 32 0.43707621251107176
0 38 0.30480499527846716
0 916 0.2532837872435729
0 46 0.4176272558636679
0 44 0.3401150769855597
0 1999 0.38138160009743227
0 181 0.218018916188362
1 0 0.3397220530005436
1 4 0.4416561675949784
1 8 0.44588444247052567
1 9 0.45058361377526795
1 401 0.35927769321045655
1 2347 0.4013000430117177
1 46 0.5029618765871271
1 12 0.5016829307040707
1 521 0.26588069101745404
1 13 0.4912720636752384
1 14 0.3961087095933733
1 25 0.4810928091024485
1 2845 0.33664702879514896
1 27 0.4294166999047514
1 26 0.3680209412731581
1 181 0.30335353691182115
1 1483 0.5069995923282313
2 0 0.43619586188011183
2 306 0.43652890102413744
2 38 0.4866134248814946
2 974 0.4229890914849328
2 2344 0.5753823390543629
2 401 0.45575150209002485
2 2348 0.4461500399373981
2 46 0.5994356854666953
2 14 0.49258251847294154
3 0 0.39944906062213825
3 25 0.5408198167240432
3 2344 0.5386355377963894
3 3058 0.3018174481276361
3 27 0.48914370752634606
3 401 0.41900470083205127
3 26 0.42774794889475276
3 13 0.5509990712968331
3 14 0.45583571721496796
4 0 0.35632154687151923
4 1 0.4416561675949784
4 309 0.45260827936893777
4 1520 0.23412783073297702
4 38 0.40673910987290196
4 2344 0.4955080240457703
4 1679 0.26720425272773657
4 41 0.45150933407918503
4 2347 0.4178995368826933
4 401 0.37587718708143225
4 13 0.507871557546214
4 14 0.41270820346434894
4 2013 0.3763259365178544
4 16 0.4352946892468448
4 1776 0.4037575546487724
4 631 0.27030783570611105
4 906 0.31075089246256743
4 25 0.49769230297342415
4 27 0.44601619377572704
4 1483 0.523599086199207
5 0 0.45614390091772694
5 2849 0.5793257806409534
5 42 0.3466111607569727
5 2344 0.595330378091978
5 9 0.5670054616924514
5 2347 0.517721890928901
5 401 0.4756995411276399
5 46 0.6193837245043103
5 13 0.6076939115924218
5 14 0.5125305575105567
5 16 0.5351170432930525
5 906 0.41057324650877514
5 25 0.5975146570196319
5 27 0.5458385478219347
5 26 0.48444278919034145
5 30 0.6244235108887394
5 843 0.4269056486294842
6 0 0.33740121277226465
6 306 0.33773425191629025
6 2849 0.4605830924954912
6 446 0.45967787851888553
6 42 0.22786847261151047
6 2344 0.47658768994651574
6 9 0.44826277354698907
6 401 0.35695685298217766
6 2347 0.3989792027834388
6 46 0.5006410363588482
6 13 0.4889512234469595
6 14 0.39378786936509436
6 51 0.41910361413402675
6 222 0.4744189447066538
6 325 0.4894345064253773
6 2553 0.41573500942001074
6 25 0.4787719688741696
6 334 0.5283717495628055
6 27 0.42709585967647246
6 2845 0.3343261885668701
6 26 0.36570010104487916
6 333 0.4820394290368897
6 30 0.5056808227432772
6 1021 0.29727000628830424
6 1446 0.25302607177312025
6 1279 0.3760421166138703
6 3856 0.4046199439213362
7 0 0.4182686704172789
7 25 0.5596394265191837
7 401 0.43782431062719185
7 46 0.5815084940038624
7 13 0.5698186810919736
7 14 0.4746553270101086
8 0 0.3605498217470665
8 3285 0.47228046714199456
8 1 0.44588444247052567
8 1051 0.5317285685815332
8 48 0.5004236868599146
8 25 0.5019205778489715
8 2344 0.4997362989213176
8 919 0.497819613420821
8 27 0.4502444686512743
8 401 0.38010546195697953
8 13 0.5120998324217614
8 30 0.5288294317180791
8 1409 0.24345481913164457
9 0 0.3652489930518088
9 1 0.45058361377526795
9 1641 0.4596537615098562
9 2849 0.48843087277503533
9 5 0.5670054616924514
9 6 0.44826277354698907
9 10 0.5211825390536475
9 401 0.3848046332617218
9 11 0.4733802442300321
9 13 0.5167990037265037
9 14 0.4216356496446385
9 15 0.4443097253904863
9 16 0.4442221354271344
9 19 0.39699531024449297
9 18 0.44971871321264906
9 399 0.47982399098826767
9 398 0.4934877949560671
9 25 0.5066197491537138
9 24 0.5062564640010632
9 27 0.4549436399560166
9 26 0.3935478813244233
9 31 0.47279370324909464
9 30 0.5335286030228212
9 305 0.4524074734828136
9 304 0.434907010839651
9 307 0.46269892348927844
9 2582 0.3981947056838851
9 306 0.3655820321958344
9 33 0.4290494332634115
9 309 0.4615357255492274
9 308 0.4235427720283436
9 311 0.47538287621546826
9 446 0.4875256587984297
9 310 0.4958025684472067
9 42 0.2557162528910546
9 313 0.4277509517297522
9 312 0.594473402128519
9 2347 0.42682698306298295
9 917 0.4345272860727224
9 46 0.5284888166383923
9 47 0.46289703134106286
9 44 0.45097663776028407
9 45 0.4413966801586273
9 50 0.4087826866176859
9 49 0.5549557595263146
9 48 0.5051228581646569
9 2845 0.36217396884641423
9 1999 0.4922431608721567
9 301 0.404204171621007
9 302 0.4982092833146233
9 303 0.41722539570091244
9 181 0.3288804769630864
9 2814 0.44262298625454616
9 749 0.3542684807827828
9 851 0.4753483503595727
9 850 0.5659866908879158
9 1446 0.2808738520526644
9 1433 0.3003158295256906
10 0 0.4103209782789231
10 25 0.5516917343808281
10 9 0.5211825390536475
10 27 0.5000156251831309
10 2845 0.40724595407352854
10 401 0.4298766184888361
10 26 0.4386198665515376
10 46 0.5735608018655066
10 13 0.561870988953618
10 14 0.4667076348717528
11 0 0.36251868345530774
11 1134 0.4625554149327311
11 2344 0.5017051606295588
11 42 0.25298594329455354
11 9 0.4733802442300321
11 401 0.38207432366522076
11 46 0.5257585070418912
11 14 0.41890534004813745
11 48 0.5023925485681557
11 631 0.27650497228989956
11 25 0.5038894395572127
11 26 0.39081757172792225
11 30 0.5307982934263202
12 0 0.41634830998061156
12 1 0.5016829307040707
12 2849 0.539530189703838
12 25 0.5577190660825165
12 2344 0.5555347871548626
12 13 0.5678983206553064
12 3586 0.41881947182648904
13 0 0.40593744295177925
13 1 0.4912720636752384
13 3 0.5509990712968331
13 4 0.507871557546214
13 5 0.6076939115924218
13 6 0.4889512234469595
13 7 0.5698186810919736
13 8 0.5120998324217614
13 9 0.5167990037265037
13 10 0.561870988953618
13 401 0.42549308316169226
13 12 0.5678983206553064
13 14 0.46232409954460896
13 15 0.48499817529045675
13 3149 0.39180704184632964
13 16 0.48491058532710485
13 2459 0.49740541427286433
13 19 0.4376837601444634
13 25 0.5473081990536842
13 694 0.31427231305796766
13 24 0.5469449139010336
13 27 0.49563208985598706
13 26 0.43423633122439376
13 693 0.49070139600283746
13 30 0.5742170529227917
13 2002 0.46830825746772786
13 2003 0.39727117422089686
13 32 0.5886262231857666
13 307 0.5033873733892489
13 2000 0.45267191520395234
13 2582 0.43888315558385554
13 33 0.46973788316338194
13 2001 0.4754969070106655
13 39 0.28374372681323706
13 308 0.46423122192831406
13 2004 0.4986669280179311
13 446 0.5282141086984001
13 42 0.29640470279102504
13 2344 0.5451239201260303
13 43 0.4559656984274566
13 916 0.4048337979182678
13 40 0.4877687684212447
13 41 0.5011252301594451
13 917 0.47521573597269284
13 46 0.5691772665383628
13 44 0.4916650876602545
13 45 0.48208513005859777
13 186 0.35355386732770744
13 1866 0.39222822088255127
13 50 0.44947113651765636
13 49 0.595644209426285
13 184 0.42508984667354094
13 185 0.5018004012084366
13 1384 0.5043726824442482
13 906 0.3603667885428275
13 1999 0.5329316107721271
13 182 0.41819754642031826
13 1863 0.5070152756851078
13 183 0.47428898188147395
13 181 0.36956892686305687
13 364 0.4380699589857776
14 0 0.31077408886991414
14 1 0.3961087095933733
14 2 0.49258251847294154
14 3 0.45583571721496796
14 4 0.41270820346434894
14 2849 0.4339559685931407
14 5 0.5125305575105567
14 6 0.39378786936509436
14 7 0.4746553270101086
14 9 0.4216356496446385
14 10 0.4667076348717528
14 1906 0.3857037049326636
14 401 0.33032972907982716
14 11 0.41890534004813745
14 3044 0.30904818460371575
14 13 0.46232409954460896
14 15 0.3898348212085916
14 16 0.3897472312452397
14 3149 0.29664368776446454
14 25 0.45214484497181906
14 24 0.45178155981916845
14 27 0.40046873577412195
14 26 0.33907297714252865
14 31 0.41831879906719993
14 30 0.47905369884092663
14 305 0.39793256930091897
14 2959 0.4332479907377962
14 32 0.49346286910390147
14 38 0.36119165187129687
14 311 0.4209079720335736
14 43 0.36080234434559144
14 312 0.5399984979466244
14 40 0.39260541433937957
14 46 0.4740139124564976
14 47 0.40842212715916815
14 44 0.3965017335783894
14 45 0.3869217759767326
14 51 0.3924764902316762
14 364 0.3429066049039125
14 2845 0.3076990646645195
14 1999 0.437768256690262
14 181 0.2744055727811917
14 1918 0.28396676322546294
15 0 0.3334481646157619
15 816 0.35844007760401975
15 200 0.2511391399585314
15 36 0.23370330597061795
15 9 0.4443097253904863
15 401 0.35300380482567484
15 2347 0.395026154626936
15 13 0.48499817529045675
15 14 0.3898348212085916
15 1896 0.3365044453977606
15 25 0.47481892071766685
15 2845 0.33037314041036725
15 26 0.3617470528883764
15 2670 0.2534464853919719
15 208 0.37787580873880644
15 1521 0.27931240321072043
15 3100 0.4588871974456191
15 912 0.3148164792948238
16 0 0.33336057465241
16 4 0.4352946892468448
16 5 0.5351170432930525
16 42 0.2238278344916558
16 9 0.4442221354271344
16 917 0.4026388676733236
16 46 0.4966003982389935
16 13 0.48491058532710485
16 14 0.3897472312452397
16 186 0.28097699902833817
16 2218 0.3801937185374955
16 1776 0.3807965824296632
16 25 0.47473133075431495
16 2845 0.3302855504470154
16 27 0.4230552215566178
16 1045 0.34913724108393696
16 1999 0.46035474247275787
16 1433 0.26842741112629176
17 851 0.4728549029090334
17 0 0.36275554560126966
17 850 0.5634932434373765
17 307 0.4602054760387393
17 33 0.42655598581287235
17 2577 0.4761621665568482
17 544 0.4837674317475522
17 2504 0.5161245900348417
17 42 0.2532228054405154
17 1600 0.3834776924857103
17 2344 0.5019420227755207
17 356 0.46809641362308557
17 184 0.3819079493230313
17 2118 0.2708820770329284
17 185 0.45861850385792696
17 2119 0.3829711556286628
17 352 0.4299885521827625
17 906 0.31718489119231785
17 2120 0.47442544173288403
17 3306 0.40945059720596144
17 2274 0.5272940825359563
17 2272 0.5224120408660398
17 4283 0.4882334067415367
17 2361 0.3562029332108029
17 1433 0.29782238207515144
18 0 0.3388571524379247
18 372 0.3188585367114012
18 33 0.4026575926495274
18 200 0.2565481277806942
18 2504 0.49222619687149666
18 42 0.22932441227717046
18 1600 0.3595792993223653
18 2344 0.4780436296121757
18 9 0.44971871321264906
18 863 0.4277210545378872
18 3044 0.3371312481717263
18 1598 0.5295052131289815
18 352 0.40609015901941753
18 2845 0.33578212823253006
18 2600 0.38885973415331365
18 495 0.2665242153242744
18 2361 0.3323045400474579
18 1814 0.2657002758952781
18 434 0.3471055685506866
19 0 0.28613374946976855
19 307 0.3835836799072382
19 33 0.34993418968137124
19 1600 0.3068558963542092
19 42 0.17660100930901437
19 9 0.39699531024449297
19 78 0.1777797717242952
19 13 0.4376837601444634
19 352 0.35336675605126144
19 25 0.4275045055716735
19 2845 0.283058725264374
19 2156 0.3513301241218407
19 723 0.4012653467262972
19 2962 0.3388263715354086
19 3306 0.33282880107446045
19 2361 0.27958113707930177
20 0 0.24007091348827703
20 33 0.3038713536998797
20 352 0.3073039200697699
20 906 0.19450025907932525
20 42 0.13053817332752282
20 25 0.381441669590182
20 2344 0.3792573906625281
20 1600 0.26079306037271766
20 2156 0.3052672881403492
20 2962 0.29276353555391704
20 167 0.1626126382849804
20 3306 0.28676596509296887
21 1134 0.39917107951519737
21 0 0.299134348037774
21 2390 0.28133870083400137
21 352 0.36636735461926684
21 25 0.4405051041396789
21 2344 0.4383208252120251
21 2361 0.2925817356473072
22 0 0.28188346876395226
22 33 0.34568390897555495
22 906 0.23631281435500046
22 25 0.4232542248658572
22 2344 0.42106994593820335
22 2361 0.2753308563734855
23 0 0.3040516530913423
23 2361 0.2974990407008755
24 0 0.39539490322633875
24 307 0.4928448336638084
24 33 0.45919534343794144
24 42 0.28586216306558454
24 9 0.5062564640010632
24 401 0.41495054343625176
24 46 0.5586347268129223
24 13 0.5469449139010336
24 14 0.45178155981916845
24 2459 0.48686287454742383
24 2553 0.47372869987408484
24 25 0.5367656593282437
24 2845 0.3923198790209442
24 27 0.48508955013054655
24 26 0.42369379149895325
24 2274 0.5599334401610254
24 30 0.5636745131973513
24 3100 0.520833936056196
25 0 0.39575818837898935
25 1 0.4810928091024485
25 3 0.5408198167240432
25 4 0.49769230297342415
25 5 0.5975146570196319
25 6 0.4787719688741696
25 7 0.5596394265191837
25 8 0.5019205778489715
25 2192 0.3835563154760311
25 9 0.5066197491537138
25 2042 0.4696570549842587
25 10 0.5516917343808281
25 401 0.41531382858890237
25 11 0.5038894395572127
25 12 0.5577190660825165
25 13 0.5473081990536842
25 14 0.45214484497181906
25 15 0.47481892071766685
25 16 0.47473133075431495
25 19 0.4275045055716735
25 21 0.4405051041396789
25 20 0.381441669590182
25 320 0.5153749567120801
25 22 0.4232542248658572
25 24 0.5367656593282437
25 27 0.48545283528319716
25 26 0.42405707665160386
25 31 0.5033028985762752
25 987 0.39018124443214597
25 372 0.3757595726524659
25 38 0.44617575138037213
25 2344 0.5349446655532404
25 43 0.4457864438546667
25 916 0.3946545433454779
25 2347 0.4573361783901635
25 41 0.4909459755866552
25 46 0.5589980119655729
25 44 0.4814858330874646
25 45 0.47190587548580787
25 51 0.47746058974075145
25 2845 0.3926831641735948
25 1999 0.5227523561993372
25 181 0.35938967229026697
26 0 0.28268632054969894
26 1 0.3680209412731581
26 3 0.42774794889475276
26 5 0.48444278919034145
26 6 0.36570010104487916
26 129 0.19101918094332743
26 9 0.3935478813244233
26 131 0.27811070529297544
26 10 0.4386198665515376
26 401 0.30224196075961196
26 11 0.39081757172792225
26 13 0.43423633122439376
26 132 0.29861626666435653
26 14 0.33907297714252865
26 135 0.45399693895950277
26 15 0.3617470528883764
26 2021 0.26737330975465595
26 2023 0.20724310694183362
26 25 0.42405707665160386
26 2025 0.17736816363638355
26 24 0.42369379149895325
26 27 0.37238096745390675
26 31 0.39023103074698473
26 30 0.45096593052071143
26 307 0.3801362509871686
26 32 0.46537510078368627
26 33 0.34648676076130164
26 311 0.3928202037133584
26 42 0.17315358038894474
26 916 0.28158267551618743
26 40 0.36451764601916437
26 160 0.16895076816728338
26 41 0.37787410775736474
26 46 0.4459261441362824
26 47 0.38033435883895295
26 44 0.3684139652581742
26 522 0.3403853603873104
26 45 0.3588340076565174
26 51 0.364388721911461
26 3301 0.19151053762024117
26 49 0.4723930870242047
26 2845 0.2796112963443043
26 1999 0.4096804883700468
26 181 0.2463178044609765
26 2814 0.3600603137524363
26 1598 0.47333438124075566
26 624 0.16049260441115673
26 2943 0.4249722303025375
26 850 0.48342401838580584
26 1924 0.41410776008859473
26 126 0.16135329773098736
26 125 0.19476580329250515
26 495 0.2103533834360487
26 1381 0.1729909153346785
27 34 0.3938714115147067
27 0 0.34408207918129224
27 1 0.4294166999047514
27 32 0.5267708594152796
27 3 0.48914370752634606
27 4 0.44601619377572704
27 5 0.5458385478219347
27 6 0.42709585967647246
27 8 0.4502444686512743
27 9 0.4549436399560166
27 10 0.5000156251831309
27 401 0.36363771939120526
27 46 0.5073219027678757
27 13 0.49563208985598706
27 14 0.40046873577412195
27 45 0.4202297662881107
27 16 0.4230552215566178
27 25 0.48545283528319716
27 24 0.48508955013054655
27 26 0.37238096745390675
27 31 0.45162678937857803
27 747 0.36369633491994235
27 801 0.44946610560257566
27 3856 0.4113008103303638
28 833 0.19331940944863396
28 1465 0.05041051499918037
28 1602 0.088028227134445
28 1603 0.066800285939217
28 572 0.17092987974506157
28 571 0.2099854440442721
28 29 0.04801407950535949
28 495 0.09401672443373484
28 1381 0.056654256332364636
28 434 0.174598077660147
29 2613 0.09655180774901212
29 1581 0.12340888313891661
29 1297 0.14962225933040657
29 626 0.06499997499979175
29 565 0.08788178030006186
29 1238 0.013858134096516633
29 1352 0.021313479091892067
29 1351 0.11723159783634933
29 633 0.05159548307313957
29 572 0.14063206843273535
29 571 0.17968763273194588
29 1586 0.04053842768121177
29 28 0.04801407950535949
29 1344 0.09981956136322083
29 517 0.11510131958307096
29 1130 0.07116326463224669
29 2298 0.08245153603129132
29 1129 0.11697669166156463
29 1464 0.05025793559995866
29 1601 0.1350273682510933
29 1602 0.05773041582211876
29 1603 0.036502474626890775
29 1604 0.23351658422381177
29 1605 0.09604502541439448
29 1606 0.20134288261427224
29 1987 0.023560361045716377
29 1984 0.16052356141662505
29 429 0.13395424088051272
29 431 0.06640629015199412
29 495 0.06371891312140861
29 434 0.14430026634782078
30 5 0.6244235108887394
30 2849 0.5458489219713234
30 6 0.5056808227432772
30 8 0.5288294317180791
30 9 0.5335286030228212
30 11 0.5307982934263202
30 13 0.5742170529227917
30 14 0.47905369884092663
30 24 0.5636745131973513
30 26 0.45096593052071143
30 31 0.5302117524453827
30 34 0.47245637458151135
30 32 0.6053558224820842
30 33 0.4864674824596996
30 446 0.5449437079947177
30 42 0.31313430208734266
30 2344 0.561853519422348
30 40 0.5044983677175623
30 2347 0.484245032259271
30 46 0.5859068658346804
30 47 0.5203150805373509
30 3366 0.5720968832068458
30 45 0.4988147293549154
30 186 0.370283466624025
30 51 0.5043694436098589
30 50 0.466200735813974
30 49 0.6123738087226027
30 48 0.5625409073609449
30 1999 0.5496612100684448
31 32 0.5446209227083575
31 446 0.48420880822099105
31 2344 0.5011186196486213
31 9 0.47279370324909464
31 916 0.36082849744085876
31 401 0.3814877826842832
31 46 0.5251719660609537
31 14 0.41831879906719993
31 25 0.5033028985762752
31 27 0.45162678937857803
31 26 0.39023103074698473
31 300 0.4898892458640267
31 30 0.5302117524453827
32 0 0.43707621251107176
32 645 0.3274056881081089
32 42 0.3275434723503175
32 916 0.43597256747756025
32 917 0.5063545055319854
32 401 0.4566318527209847
32 13 0.5886262231857666
32 643 0.3148824963725295
32 14 0.49346286910390147
32 27 0.5267708594152796
32 26 0.46537510078368627
32 31 0.5446209227083575
32 30 0.6053558224820842
32 1562 0.5171038171802069
32 4019 0.5253009041518722
33 2814 0.3955618656914245
33 1905 0.3656115356615154
33 9 0.4290494332634115
33 3044 0.31646196822248873
33 13 0.46973788316338194
33 17 0.42655598581287235
33 19 0.34993418968137124
33 18 0.4026575926495274
33 399 0.43276287042514594
33 20 0.3038713536998797
33 398 0.44642667439294537
33 22 0.34568390897555495
33 24 0.45919534343794144
33 26 0.34648676076130164
33 1045 0.33396453892021405
33 30 0.4864674824596996
33 851 0.42828722979645095
33 34 0.3679772048221016
33 987 0.31261092854184375
33 2583 0.3503711345588132
33 307 0.41563780292615676
33 2000 0.3649223447408602
33 368 0.3990502349714293
33 42 0.20865513232793292
33 43 0.3682161279643644
33 46 0.4814276960752706
33 47 0.41583591077794113
33 44 0.4039155171971624
33 45 0.3943355595955056
33 356 0.42352874051050304
33 50 0.3617215660545642
33 49 0.5078946389631929
33 184 0.3373402762104488
33 48 0.4580617376015351
33 364 0.3503203885226855
33 365 0.4021164474997222
33 177 0.33380843216256406
33 360 0.34034158507527523
33 1999 0.44518204030903497
33 181 0.2818193563999647
34 33 0.3679772048221016
34 399 0.4187517625469578
34 398 0.4324155665147572
34 42 0.1946440244497447
34 27 0.3938714115147067
34 47 0.4018248028997529
34 30 0.47245637458151135
35 1033 0.41348055247750515
35 36 0.23190987640203845
35 1038 0.4532901105900806
35 37 0.25265422342592603
35 1039 0.3755759950488047
35 1121 0.29622140712210854
35 543 0.3128845171895582
35 1967 0.26526049993377626
35 57 0.2789608692997766
35 391 0.20946101890864016
35 1286 0.36243963507766097
35 1377 0.2641116000806029
35 390 0.38296112572568214
35 1287 0.46634680758313807
35 1284 0.5266177706357416
35 688 0.32631245891824817
35 747 0.3512689907858325
35 1444 0.27572450612133076
35 748 0.2677840058528432
35 605 0.4270112489474858
36 550 0.20456857213342108
36 551 0.17781943368152756
36 1368 0.03244885749339829
36 1365 0.11917891712743386
36 1088 0.03891956413818507
36 2738 0.11639911476283404
36 1089 0.17631809541522567
36 15 0.23370330597061795
36 807 0.13683418582722431
36 1354 0.1721737010759609
36 800 0.10424415571146886
36 1353 0.20986222402009339
36 35 0.23190987640203845
36 2956 0.06596974345834963
36 37 0.07564206201068414
36 1124 0.20456309446731832
36 1394 0.1278888396005984
36 52 0.11788453598920409
36 540 0.2922026774360595
36 1033 0.23646839106226325
36 1034 0.20019741813446723
36 71 0.2171463544039787
36 340 0.24693757816043774
36 1037 0.04208395352861636
36 338 0.05980713585770198
36 1038 0.2762779491748388
36 1039 0.19856383363356284
36 351 0.1857769070473268
36 3040 0.25647852860311326
36 73 0.28120363306250035
36 1301 0.0756507546222819
36 1597 0.09348489814653932
36 631 0.06862886246653233
36 1283 0.03244885749339829
36 1286 0.1854274736624191
36 639 0.144063132441836
36 1287 0.2893346461678962
36 1284 0.34960560922049977
36 1285 0.23076404708407672
36 102 0.15742776339476622
36 101 0.1528682110322757
36 863 0.24350647573190304
36 377 0.07858293595544846
36 106 0.13070103859848592
36 107 0.03244885749339829
36 1537 0.1307421317934236
36 104 0.09354439416624011
36 378 0.12205984189715416
36 1320 0.1938875397717713
36 835 0.20613810093063806
36 117 0.06176459334099527
36 1323 0.03244885749339829
36 838 0.09993191868764006
36 596 0.19213435401173748
36 1762 0.04053962657127311
36 408 0.09363238574075256
36 409 0.1735593683384173
36 138 0.09313369939012658
36 412 0.053256630994352815
36 413 0.20390872851760228
36 133 0.13349777105769292
36 406 0.14315841995650191
36 675 0.09642231730519343
36 407 0.046676123500456065
36 674 0.19528984189485354
36 404 0.06888320566829643
36 1497 0.19264127257083546
36 405 0.2662672015572794
36 395 0.23548215112126797
36 394 0.07109841265889374
36 153 0.36582772772441496
36 393 0.08631637172961831
36 154 0.2769122953459059
36 700 0.12098541317986591
36 1476 0.2365884964164222
36 2052 0.03777172275419281
36 157 0.03244885749339829
36 696 0.21748546890076495
36 396 0.15724984002887912
36 387 0.10309451420591895
36 386 0.13961863924592086
36 385 0.1713609880590772
36 384 0.15750355376542102
36 391 0.03244885749339829
36 390 0.20594896431044027
36 389 0.1270511537143051
36 388 0.14514419381620886
36 170 0.12616141317543042
36 1526 0.03244885749339829
36 169 0.14439293210511234
36 442 0.12584086746891826
36 923 0.22720724070095025
36 174 0.10919418566525307
36 160 0.04090702124952494
36 2082 0.033100309188235116
36 1984 0.1791142848135067
36 906 0.10907191922298873
36 2359 0.22073811656072054
36 2358 0.04112451727789387
36 900 0.11256835755662653
36 1757 0.18776089271895147
36 422 0.18145342336425704
36 1426 0.06356502223098312
36 1154 0.08594288084591767
36 1425 0.15078336248163998
36 1022 0.04694562567784269
36 192 0.152995070335389
36 1001 0.17021977864426704
36 2125 0.2243994446673916
36 209 0.07509090036075322
36 2640 0.0546945506884237
36 978 0.1558988047329671
36 2649 0.05864394281416263
36 229 0.12103458286293883
36 228 0.09644956654626502
36 2650 0.2426626612727327
36 1927 0.15836774358055994
36 245 0.23248415752677395
36 1455 0.05677449071543493
36 1498 0.07915996734114497
37 1034 0.22094176515835479
37 408 0.11437673276464011
37 409 0.19430371536230487
37 138 0.11387804641401414
37 1038 0.29702229619872633
37 1039 0.2193081806574504
37 3040 0.2772228756270008
37 133 0.15424211808158048
37 406 0.16390276698038947
37 407 0.06742047052434362
37 395 0.2562264981451555
37 394 0.0918427596827813
37 154 0.29765664236979344
37 807 0.15757853285111187
37 2052 0.05851606977808037
37 1592 0.071066351424458
37 1287 0.3100789931917838
37 390 0.22669331133432782
37 1284 0.3703499562443873
37 388 0.1658885408400964
37 1285 0.2515083941079643
37 35 0.25265422342592603
37 101 0.17361255805616327
37 923 0.2479515877248378
37 36 0.07564206201068414
37 377 0.09932728297933602
37 1927 0.1791120906044475
37 835 0.2268824479545256
37 2358 0.06186886430178142
37 245 0.25322850455066154
37 900 0.13331270458051409
38 0 0.30480499527846716
38 2 0.4866134248814946
38 4 0.40673910987290196
38 3053 0.2105662006674887
38 309 0.4010917277758857
38 2506 0.35153710749947564
38 2312 0.26162340602382517
38 2347 0.3663829852896413
38 401 0.3243606354883801
38 41 0.399992782486133
38 14 0.36119165187129687
38 326 0.2905923239449052
38 25 0.44617575138037213
38 1007 0.4365844118092702
39 13 0.28374372681323706
39 2361 0.12564110374807544
40 308 0.3945125367230846
40 310 0.46677233314194777
40 2344 0.4754052349208009
40 2347 0.397796747757724
40 26 0.36451764601916437
40 521 0.2623773957634603
40 13 0.4877687684212447
40 14 0.39260541433937957
40 30 0.5044983677175623
41 1986 0.29081879307709013
41 1984 0.37404693066631645
41 4 0.45150933407918503
41 38 0.399992782486133
41 25 0.4909459755866552
41 2845 0.34650019527935566
41 401 0.36913085969466325
41 26 0.37787410775736474
41 46 0.5128150430713337
41 13 0.5011252301594451
41 1521 0.2954394580797088
42 1641 0.2392594605743776
42 5 0.3466111607569727
42 6 0.22786847261151047
42 9 0.2557162528910546
42 1907 0.06704243692731023
42 2042 0.21875355872159957
42 11 0.25298594329455354
42 401 0.16441033232624322
42 1906 0.21978430817907965
42 13 0.29640470279102504
42 1908 0.1748422159468557
42 17 0.2532228054405154
42 16 0.2238278344916558
42 19 0.17660100930901437
42 18 0.22932441227717046
42 399 0.25942969005278904
42 2864 0.16717143129866238
42 20 0.13053817332752282
42 24 0.28586216306558454
42 26 0.17315358038894474
42 30 0.31313430208734266
42 3274 0.13849006302477185
42 34 0.1946440244497447
42 32 0.3275434723503175
42 307 0.24230462255379986
42 2000 0.19158916436850332
42 2582 0.1778004047484065
42 33 0.20865513232793292
42 2001 0.21441415617521642
42 2577 0.25826131307190875
42 2344 0.28404116929058126
42 43 0.19488294759200755
42 2347 0.20643268212750435
42 46 0.3080945157029137
42 47 0.24250273040558423
42 44 0.2305823368248055
42 45 0.22100237922314872
42 51 0.22655709347809228
42 50 0.1883883856822073
42 184 0.1640070958380919
42 49 0.33456145859083597
42 185 0.24071765037298756
42 1868 0.16954036499350886
42 2693 0.18409210456321062
42 178 0.10043972993575202
42 179 0.22740415492682153
42 900 0.10278047604101626
42 177 0.1604752517902072
42 1999 0.27184885993667807
42 180 0.09932669003992887
42 181 0.10848617602760781
42 2814 0.22222868531906756
42 2371 0.06996256395633864
42 2131 0.24279338932337402
42 2676 0.20434179374361536
42 2813 0.17705196032329146
42 2504 0.2982237365499022
42 3043 0.1352764427938072
42 3042 0.17833571514196764
42 867 0.35200293451297293
42 851 0.25495404942409405
42 850 0.34559238995243713
42 370 0.12955293535554674
42 356 0.25019556013814614
42 3035 0.25644929724835497
42 358 0.20393000229783492
42 359 0.11735661149821264
42 364 0.1769872081503286
42 365 0.22878326712736527
42 366 0.2881518344557934
42 360 0.16700840470291833
42 1433 0.07992152859021201
43 33 0.3682161279643644
43 42 0.19488294759200755
43 25 0.4457864438546667
43 2344 0.4436021649270128
43 401 0.32397132796267475
43 46 0.46765551133934524
43 13 0.4559656984274566
43 14 0.36080234434559144
43 868 0.2616595923292219
43 843 0.2751774354645191
44 0 0.3401150769855597
44 307 0.43756500742302934
44 33 0.4039155171971624
44 446 0.46239174273218053
44 42 0.2305823368248055
44 9 0.45097663776028407
44 2347 0.4016930669967338
44 46 0.5033549005721432
44 13 0.4916650876602545
44 14 0.3965017335783894
44 49 0.5298218434600654
44 25 0.4814858330874646
44 26 0.3684139652581742
44 1999 0.46710924480590754
44 1498 0.26463247069476414
45 655 0.22846325207819296
45 33 0.3943355595955056
45 654 0.30245498614967165
45 953 0.37064627407865147
45 446 0.4528117851305238
45 42 0.22100237922314872
45 2344 0.469721596558154
45 9 0.4413966801586273
45 401 0.3500907595938159
45 2347 0.39211310939507704
45 917 0.3998134124048165
45 46 0.4937749429704864
45 13 0.48208513005859777
45 3366 0.4799649603426519
45 14 0.3869217759767326
45 980 0.283520712439599
45 628 0.2493306780128041
45 25 0.47190587548580787
45 27 0.4202297662881107
45 26 0.3588340076565174
45 1999 0.4575292872042508
45 656 0.3141002503716975
45 30 0.4988147293549154
45 1375 0.41667763530249435
45 156 0.3455868003793066
45 1371 0.23786799380570778
45 157 0.2083414032453607
46 0 0.4176272558636679
46 1 0.5029618765871271
46 2 0.5994356854666953
46 1641 0.5120320243217154
46 2814 0.49500124906640525
46 5 0.6193837245043103
46 6 0.5006410363588482
46 7 0.5815084940038624
46 402 0.5538631016237574
46 403 0.5350058230302692
46 9 0.5284888166383923
46 400 0.35538714349925055
46 10 0.5735608018655066
46 401 0.4371828960735809
46 11 0.5257585070418912
46 13 0.5691772665383628
46 14 0.4740139124564976
46 16 0.4966003982389935
46 25 0.5589980119655729
46 24 0.5586347268129223
46 27 0.5073219027678757
46 26 0.4459261441362824
46 31 0.5251719660609537
46 30 0.5859068658346804
46 304 0.4872852736515101
46 307 0.5150771863011375
46 33 0.4814276960752706
46 306 0.4179602950076935
46 308 0.4759210348402027
46 311 0.5277611390273274
46 313 0.4801292145416113
46 42 0.3080945157029137
46 312 0.6468516649403782
46 43 0.46765551133934524
46 41 0.5128150430713337
46 47 0.515275294152922
46 44 0.5033549005721432
46 45 0.4937749429704864
46 50 0.461160949429545
46 3301 0.3264514729342101
46 184 0.4367796595854296
46 49 0.6073340223381737
46 1924 0.5490486954025637
46 185 0.5134902141203253
46 156 0.4326789368590716
47 34 0.4018248028997529
47 307 0.44948540100380807
47 33 0.41583591077794113
47 42 0.24250273040558423
47 9 0.46289703134106286
47 2347 0.4136134605775126
47 46 0.515275294152922
47 3044 0.3503095663001401
47 14 0.40842212715916815
47 49 0.5417422370408442
47 399 0.4666104685027973
47 398 0.48027427247059673
47 26 0.38033435883895295
47 1999 0.47902963838668633
47 30 0.5203150805373509
48 305 0.48141977782093726
48 304 0.4639193151777746
48 442 0.3654595912269102
48 33 0.4580617376015351
48 446 0.5165379631365533
48 310 0.5248148727853303
48 470 0.5382984902669952
48 2503 0.4035405251993697
48 8 0.5004236868599146
48 9 0.5051228581646569
48 11 0.5023925485681557
48 2347 0.4558392874011066
48 1049 0.5438135079060208
48 1051 0.565440044224399
48 1288 0.5320195243120545
48 607 0.6023648529525192
48 30 0.5625409073609449
48 181 0.35789278130121005
49 205 0.5275426908536187
49 1641 0.5384989672096376
49 2814 0.5214681919543276
49 2849 0.5672760784748168
49 337 0.34762963373860045
49 336 0.3801790007786897
49 9 0.5549557595263146
49 828 0.49724163185009984
49 3044 0.44236829448539183
49 13 0.595644209426285
49 827 0.3777956258030773
49 1598 0.634742259442647
49 867 0.6512424411482329
49 26 0.4723930870242047
49 30 0.6123738087226027
49 851 0.554193556059354
49 850 0.6448318965876971
49 307 0.5415441291890598
49 2582 0.47703991138366647
49 33 0.5078946389631929
49 446 0.5663708644982111
49 42 0.33456145859083597
49 2347 0.5056721887627643
49 46 0.6073340223381737
49 1259 0.4664772715948564
49 47 0.5417422370408442
49 1258 0.5379087527937846
49 3366 0.5935240397103392
49 44 0.5298218434600654
49 1256 0.4867830028499479
49 186 0.39171062312751836
49 1924 0.575515638290486
49 3038 0.5441740995724003
49 1999 0.5710883665719381
49 1863 0.5451720314849187
49 1275 0.5729948178712095
49 181 0.4077256826628678
49 1036 0.5190100947583984
50 33 0.3617215660545642
50 399 0.41249612377942035
50 398 0.4261599277472198
50 42 0.1883883856822073
50 9 0.4087826866176859
50 1999 0.4249152936633094
50 496 0.18463330818897464
50 46 0.461160949429545
50 13 0.44947113651765636
50 30 0.466200735813974
51 306 0.3364228727828721
51 6 0.41910361413402675
51 42 0.22655709347809228
51 25 0.47746058974075145
51 312 0.5653142427155566
51 2347 0.3976678236500206
51 26 0.364388721911461
51 2318 0.45594912676417754
51 521 0.26224847165575693
51 14 0.3924764902316762
51 30 0.5043694436098589
52 68 0.2401000529042229
52 69 0.25961059762465877
52 70 0.15510383742017375
52 71 0.2801331754063862
52 64 0.1607980756364817
52 65 0.16746846817559924
52 412 0.11624345199676032
52 66 0.20955723744861143
52 413 0.2668955495200098
52 1368 0.09543567849580581
52 67 0.2260213720297434
52 72 0.23460298217153353
52 73 0.34419045406490784
52 87 0.1779477359899051
52 800 0.16723097671387638
52 1355 0.13864499826540222
52 1423 0.1991548078604652
52 36 0.11788453598920409
52 2294 0.24098202492086135
52 111 0.28545874268991767
52 798 0.12006683655131842
52 499 0.15293079714578867
52 772 0.13463594089751416
52 1566 0.18146591927735756
52 1323 0.09543567849580581
52 55 0.21379104806162472
52 54 0.2235073898904689
52 491 0.3276431943477962
52 53 0.3302322082122055
52 903 0.19553746248173856
52 59 0.2273159075088462
52 58 0.2741243470779271
52 57 0.16493552888694224
52 2362 0.12342453263265386
52 56 0.1550206863115753
52 63 0.17438825839113864
52 62 0.1129552571676524
52 1138 0.36389183851325413
52 61 0.19021483489280788
52 60 0.3234425174312704
52 1371 0.12496226905615287
52 2361 0.21107678224388124
52 3273 0.15448528289549895
53 68 0.3894609041248168
53 69 0.40897144884525266
53 70 0.30446468864076764
53 64 0.3101589268570756
53 65 0.31682931939619313
53 412 0.26560430321735423
53 66 0.3589180886692053
53 67 0.3753822232503373
53 2294 0.39034287614145524
53 111 0.43481959391051156
53 72 0.3839638333921274
53 73 0.49355130528550173
53 499 0.30229164836638256
53 800 0.31659182793447027
53 54 0.37286824111106276
53 52 0.3302322082122055
53 56 0.30438153753216923
53 63 0.32374910961173253
53 62 0.2623161083882463
53 60 0.47280336865186434
53 605 0.46234675975524536
54 68 0.2827360858030802
54 69 0.3022466305235161
54 70 0.197739870319031
54 64 0.203434108535339
54 65 0.2101045010744565
54 1698 0.24739263368296593
54 412 0.1588794848956176
54 66 0.25219327034746875
54 1368 0.1380717113946631
54 67 0.2686574049286007
54 72 0.27723901507039084
54 133 0.2391206249589577
54 73 0.3868264869637651
54 1705 0.1674531620641121
54 393 0.19193922563088311
54 1355 0.18128103116425948
54 2294 0.2836180578197186
54 1059 0.19566873616221234
54 111 0.328094775588775
54 522 0.31796446737081674
54 912 0.24163374221226722
54 499 0.19556683004464595
54 911 0.1537219360295299
54 1566 0.22410195217621487
54 53 0.37286824111106276
54 52 0.2235073898904689
54 56 0.1976567192104326
54 63 0.2170242912899959
54 62 0.15559129006650968
54 2152 0.2892824533012476
55 69 0.2925302886946719
55 71 0.3130528664763993
55 1250 0.2846455507108854
55 651 0.26065903807040736
55 1249 0.1586915143321935
55 446 0.37282575145098196
55 650 0.2079829415804042
55 978 0.25180531680538776
55 2622 0.1454064782658994
55 980 0.2035346787600572
55 1301 0.1715572666947025
55 1979 0.18643015706621002
55 1507 0.2902838634165179
55 628 0.1693446443332623
55 52 0.21379104806162472
55 1449 0.2909845785321888
55 59 0.2602355985788593
55 875 0.13574932308562873
55 998 0.23680178434200677
55 1480 0.13526391861494297
56 68 0.2142493822241866
56 69 0.23375992694462247
56 70 0.12925316674013743
56 64 0.13494740495644542
56 1968 0.22572257906993914
56 65 0.1416177974955629
56 1969 0.22681113578912757
56 3400 0.10372372404589064
56 66 0.18370656676857516
56 67 0.2001707013497071
56 72 0.20875231149149723
56 73 0.31833978338487157
56 404 0.10601935599066764
56 869 0.13622033902784347
56 1355 0.11279432758536591
56 1054 0.23947806553655154
56 1967 0.1253844888409056
56 875 0.07697896133557933
56 815 0.27015207567261335
56 688 0.1864364478253775
56 447 0.21360233669487066
56 2294 0.21513135424082505
56 111 0.25960807200988134
56 797 0.22613831221550004
56 499 0.12708012646575237
56 427 0.20996390448488766
56 772 0.10878527021747786
56 1566 0.1556152485973213
56 1323 0.06958500781576951
56 428 0.2076704415527548
56 54 0.1976567192104326
56 905 0.08410271882352739
56 53 0.30438153753216923
56 52 0.1550206863115753
56 58 0.24827367639789077
56 1516 0.08691763683180738
56 57 0.13908485820690594
56 63 0.14853758771110231
56 62 0.0871045864876161
56 1138 0.3380411678332178
56 61 0.1643641642127716
56 60 0.2975918467512341
57 820 0.23150204570463126
57 1220 0.13329874354856938
57 548 0.12396019428419708
57 549 0.11326941225506632
57 547 0.1908315545120957
57 819 0.1342382104189606
57 402 0.33792941228976814
57 400 0.13945345416526128
57 2738 0.1634501076605722
57 675 0.14347331020293158
57 674 0.2423408347925917
57 3269 0.11836801270051422
57 2598 0.1819716059303042
57 3268 0.24438386231435347
57 3265 0.201717133638317
57 1355 0.12270917016073284
57 694 0.11002843663586703
57 693 0.28645751958073684
57 815 0.2800669182479803
57 689 0.2065440051112457
57 305 0.28885204696068345
57 2002 0.26406438104562724
57 652 0.1880985435308346
57 35 0.2789608692997766
57 1251 0.22394237889964372
57 798 0.10413100844664905
57 797 0.23605315479086697
57 917 0.2709718595505922
57 1535 0.24210547444822883
57 521 0.1278522045465891
57 911 0.09515007502600324
57 427 0.2198787470602546
57 2080 0.1404576429041619
57 2081 0.2710269719538926
57 2970 0.22369253940627729
57 1750 0.1644768394405542
57 52 0.16493552888694224
57 541 0.1916168201878124
57 1517 0.16810723571545072
57 58 0.2581885189732577
57 540 0.3392536703337976
57 543 0.18292334867205445
57 1383 0.13115455134256482
57 56 0.13908485820690594
57 1379 0.20858492354134323
57 205 0.28514205863170716
57 69 0.2436747695199894
57 206 0.3124163314919769
57 1968 0.23563742164530607
57 64 0.14486224753181234
57 1969 0.2367259783644945
57 473 0.09652957039321278
57 349 0.14099673203738136
57 736 0.20044774314898006
57 193 0.22065926769066171
57 1289 0.09976731423885483
57 631 0.11567985536427046
57 869 0.14613518160321037
57 1592 0.09737299729830859
57 1054 0.24939290811191847
57 2125 0.27145043756512977
57 1967 0.13529933141627254
57 2397 0.20091979698239606
57 1043 0.09305546126348974
57 1042 0.24234267286850222
57 1966 0.31058895727769525
57 208 0.24612121065272324
57 209 0.12214189325849137
57 449 0.30141780698108034
57 211 0.21430234228940015
57 448 0.22195916761265333
57 1668 0.30250357250467347
57 2538 0.19130143645315129
57 2650 0.28971365417047085
57 496 0.08840574887569178
57 863 0.29055746862964116
57 3013 0.24600691451428586
57 225 0.2111948643999219
57 3012 0.10603380092698192
57 3234 0.1435138008364276
57 492 0.2159696940454035
57 1805 0.2623521224304749
57 1923 0.14737118813004363
57 491 0.3117073662431269
57 598 0.20472279477105118
57 490 0.1387981756050048
57 601 0.07949985039113644
57 600 0.07949985039113644
57 3110 0.2168289879560469
57 606 0.28699423308174177
57 747 0.2213078222683288
57 434 0.20994198264244057
57 2088 0.11990015758735115
58 205 0.39433087682269197
58 820 0.3406908638956161
58 69 0.35286358771097426
58 684 0.43726077117604145
58 206 0.4216051496829617
58 683 0.35414570267846157
58 1968 0.3448262398362909
58 200 0.228573360063433
58 816 0.3358742977089213
58 1969 0.3459147965554793
58 749 0.29990187245163746
58 819 0.24342702860994545
58 473 0.2057183885841976
58 402 0.44711823048075294
58 400 0.24864227235624614
58 72 0.327855972257849
58 631 0.2248686735552553
58 2592 0.1966627243962437
58 2125 0.38063925575611457
58 1967 0.24448814960725737
58 815 0.38925573643896516
58 208 0.3553100288437081
58 811 0.24645415887539202
58 652 0.2972873617218194
58 2005 0.45166620235217125
58 797 0.3452419729818518
58 917 0.3801606777415771
58 1536 0.33230677284967697
58 496 0.1975945670666766
58 1122 0.3735521724944182
58 521 0.23704102273757394
58 492 0.32515851223638836
58 2355 0.2030067527553439
58 427 0.3290675652512394
58 426 0.20655208272967854
58 1323 0.18868866858212127
58 428 0.32677410231910653
58 491 0.4208961844341117
58 1921 0.31868353324307874
58 490 0.2479869937959896
58 52 0.2741243470779271
58 541 0.3008056383787972
58 57 0.2581885189732577
58 1383 0.24034336953354965
58 56 0.24827367639789077
58 1140 0.3743245743589759
58 2364 0.2854770236992868
58 1379 0.3177737417323281
58 495 0.23854944760701324
58 548 0.2331490124751819
58 547 0.3000203727030806
58 1007 0.4426618012514665
58 434 0.3191308008334254
58 2088 0.22908897577833598
58 1433 0.24594922119454526
59 69 0.3060551481418934
59 71 0.3265777259236208
59 1133 0.25234255473043066
59 446 0.38635061089820344
