4304 3356 3151 1403 2351 1202 null 3766 1610 1602 null 2896 
0 1 0.5998009629190353
0 2 0.4875928798856582
0 3 0.36685055381344733
0 4 0.29815038515686115
0 5 0.4317516821232884
0 6 0.43236919145416913
0 7 0.43783272912622656
0 8 0.3544821368448168
0 9 0.4428599536362429
0 10 0.50015610263516
0 401 0.4421112224887601
0 11 0.3306184305590316
0 12 0.4801555103265778
0 3044 0.5557245834581591
0 13 0.4798560733498283
0 14 0.4380051064131534
0 15 0.4039619554215758
0 17 0.4179199335479324
0 16 0.45802535972785663
0 19 0.48144424310096257
0 18 0.4713138021651895
0 21 0.4985495406785073
0 20 0.5302284006751302
0 23 0.49580117134771395
0 22 0.4913881887935426
0 25 0.5951085584732707
0 24 0.46053489749172605
0 27 0.5113722197578645
0 26 0.5502441714340002
0 32 0.5118555901890667
0 38 0.3815650396833269
0 916 0.3670365736216621
0 46 0.4337638105865365
0 44 0.5249062519024995
0 1999 0.4388280247997014
0 181 0.2961088208152798
1 0 0.5998009629190353
1 4 0.34690273104966063
1 8 0.40323448273761625
1 9 0.4916122995290424
1 401 0.4908635683815596
1 2347 0.5171714808433673
1 46 0.482516156479336
1 12 0.5289078562193772
1 521 0.5658532145753857
1 13 0.5286084192426278
1 14 0.4867574523059529
1 25 0.6438609043660701
1 2845 0.5369687908310974
1 27 0.560124565650664
1 26 0.5989965173267997
1 181 0.34486116670807926
1 1483 0.5450361556891529
2 0 0.4875928798856582
2 306 0.454713053550131
2 38 0.31810930254274933
2 974 0.21706857137254032
2 2344 0.39956723745300843
2 401 0.37865548534818255
2 2348 0.3551817777105123
2 46 0.37030807344595895
2 14 0.37454936927257587
3 0 0.36685055381344733
3 25 0.4109104952604822
3 2344 0.27882491138079757
3 3058 0.21176558449035673
3 27 0.3271741565450761
3 401 0.2579131592759717
3 26 0.36604610822121175
3 13 0.29565801013703985
3 14 0.25380704320036496
4 0 0.29815038515686115
4 1 0.34690273104966063
4 309 0.1822724676279622
4 1520 0.039430337323322726
4 38 0.1286668078139523
4 2344 0.2101247427242114
4 1679 0.041944617619552746
4 41 0.12803438745077853
4 2347 0.21552090308119318
4 401 0.1892129906193855
4 13 0.22695784148045373
4 14 0.1851068745437788
4 2013 0.028322888837008956
4 16 0.20512712785848203
4 1776 0.1087846340075772
4 631 0.039783913597394846
4 906 0.2696453433235527
4 25 0.34221032660389605
4 27 0.25847398788848996
4 1483 0.2433855779269788
5 0 0.4317516821232884
5 2849 0.3851308205391297
5 42 0.42546151387191466
5 2344 0.34372603969063864
5 9 0.3235630187332956
5 2347 0.34912220004762046
5 401 0.32281428758581276
5 46 0.3144668756835892
5 13 0.36055913844688103
5 14 0.3187081715102061
5 16 0.3387284248249093
5 906 0.40324664028998003
5 25 0.47581162357032336
5 27 0.3920752848549172
5 26 0.4309472365310528
5 30 0.3780339957406128
5 843 0.18386797397561433
6 0 0.43236919145416913
6 306 0.3994893651186419
6 2849 0.3857483298700104
6 446 0.24768689521024959
6 42 0.4260790232027954
6 2344 0.34434354902151937
6 9 0.3241805280641763
6 401 0.3234317969166935
6 2347 0.3497397093785012
6 46 0.3150843850144699
6 13 0.3611766477777617
6 14 0.3193256808410868
6 51 0.40727803819852826
6 222 0.2367173080675602
6 325 0.25733227236219364
6 2553 0.2196905690169075
6 25 0.47642913290120403
6 334 0.3381695615377218
6 27 0.39269279418579794
6 2845 0.36953701936623123
6 26 0.43156474586193355
6 333 0.4567482209863698
6 30 0.37865150507149353
6 1021 0.3889165387767691
6 1446 0.347720123422971
6 1279 0.3225854755581988
6 3856 0.2492335261568595
7 0 0.43783272912622656
7 25 0.48189267057326146
7 401 0.3288953345887509
7 46 0.3205479226865273
7 13 0.36664018544981913
7 14 0.32478921851314424
8 0 0.3544821368448168
8 3285 0.15107679764630702
8 1 0.40323448273761625
8 1051 0.20222328684920116
8 48 0.3409431344255114
8 25 0.3985420782918517
8 2344 0.266456494412167
8 919 0.3084461923316625
8 27 0.31480573957644553
8 401 0.24554474230734114
8 13 0.28328959316840935
8 30 0.3007644504621412
8 1409 0.22999713598872165
9 0 0.4428599536362429
9 1 0.4916122995290424
9 1641 0.44008447215176955
9 2849 0.3962390920520842
9 5 0.3235630187332956
9 6 0.3241805280641763
9 10 0.3919674392451671
9 401 0.3339225590987673
9 11 0.2224297671690388
9 13 0.3716674099598355
9 14 0.3298164430231606
9 15 0.295773292031583
9 16 0.3498366963378638
9 19 0.3732555797109698
9 18 0.3631251387751967
9 399 0.44082065976353807
9 398 0.4715375040283959
9 25 0.4869198950832778
9 24 0.35234623410173316
9 27 0.40318355636787173
9 26 0.44205550804400734
9 31 0.42412662948754354
9 30 0.3891422672535673
9 305 0.30228889171078355
9 304 0.23595667949312915
9 307 0.2239761249862357
9 2582 0.37163411527709167
9 306 0.4099801273007157
9 33 0.4062928121103958
9 309 0.326982036107344
9 308 0.21698593982156994
9 311 0.43096284608384766
9 446 0.25817765739232335
9 310 0.4461990587006137
9 42 0.4365697853848692
9 313 0.40266632246105283
9 312 0.3330100140072931
9 2347 0.36023047156057497
9 917 0.19085413350106833
9 46 0.3255751471965437
9 47 0.22513361599569842
9 44 0.4167175885125067
9 45 0.4507637948363241
9 50 0.43848327261156406
9 49 0.3299096129866591
9 48 0.42932095121693753
9 2845 0.380027781548305
9 1999 0.33063936140970857
9 301 0.2628883108371894
9 302 0.3284038745053934
9 303 0.3609680114715689
9 181 0.18792015742528695
9 2814 0.3952922931444147
9 749 0.2938629369940138
9 851 0.3908878860031586
9 850 0.3554369004985781
9 1446 0.35821088560504477
9 1433 0.19017128545209785
10 0 0.50015610263516
10 25 0.5442160440821948
10 9 0.3919674392451671
10 27 0.4604797053667887
10 2845 0.437323930547222
10 401 0.3912187080976843
10 26 0.49935165704292434
10 46 0.3828712961954607
10 13 0.4289635589587525
10 14 0.3871125920220776
11 0 0.3306184305590316
11 1134 0.21882352341449948
11 2344 0.24259278812638188
11 42 0.3243282623076579
11 9 0.2224297671690388
11 401 0.221681036021556
11 46 0.2133336241193324
11 14 0.2175749199459493
11 48 0.3170794281397262
11 631 0.07225195899956534
11 25 0.3746783720060666
11 26 0.32981398496679604
11 30 0.276900744176356
12 0 0.4801555103265778
12 1 0.5289078562193772
12 2849 0.43353464874241904
12 25 0.5242154517736126
12 2344 0.392129867893928
12 13 0.4089629666501703
12 3586 0.26981293451367067
13 0 0.4798560733498283
13 1 0.5286084192426278
13 3 0.29565801013703985
13 4 0.22695784148045373
13 5 0.36055913844688103
13 6 0.3611766477777617
13 7 0.36664018544981913
13 8 0.28328959316840935
13 9 0.3716674099598355
13 10 0.4289635589587525
13 401 0.3709186788123527
13 12 0.4089629666501703
13 14 0.366812562736746
13 15 0.3327694117451684
13 3149 0.3950321232279868
13 16 0.3868328160514492
13 2459 0.40683953803299816
13 19 0.4102516994245552
13 25 0.5239160147968632
13 694 0.3498927397226071
13 24 0.38934235381531856
13 27 0.44017967608145714
13 26 0.47905162775759275
13 693 0.29195337093691354
13 30 0.4261383869671527
13 2002 0.29827274064384685
13 2003 0.36832331334597695
13 32 0.44066304651265925
13 307 0.2609722446998211
13 2000 0.3820820569911261
13 2582 0.4086302349906771
13 33 0.4432889318239812
13 2001 0.4284644112884467
13 39 0.35775809238157086
13 308 0.25398205953515535
13 2004 0.4372698182627098
13 446 0.29517377710590875
13 42 0.4735659050984546
13 2344 0.39183043091717856
13 43 0.39459424787081177
13 916 0.29584402994525466
13 40 0.4004638232365564
13 41 0.3097400756437457
13 917 0.22785025321465374
13 46 0.3625712669101291
13 44 0.4537137082260921
13 45 0.4877599145499095
13 186 0.2582321329627224
13 1866 0.472965102421323
13 50 0.47547939232514946
13 49 0.3669057327002445
13 184 0.45230353314222127
13 185 0.48585010899947007
13 1384 0.3027779159737517
13 906 0.4513510315165199
13 1999 0.367635481123294
13 182 0.35235299820894783
13 1863 0.2727532866630938
13 183 0.3519496657238873
13 181 0.22491627713887236
13 364 0.27148134846074284
14 0 0.4380051064131534
14 1 0.4867574523059529
14 2 0.37454936927257587
14 3 0.25380704320036496
14 4 0.1851068745437788
14 2849 0.3913842448289947
14 5 0.3187081715102061
14 6 0.3193256808410868
14 7 0.32478921851314424
14 9 0.3298164430231606
14 10 0.3871125920220776
14 1906 0.2350490939186966
14 401 0.32906771187567774
14 11 0.2175749199459493
14 3044 0.44268107284507674
14 13 0.366812562736746
14 15 0.2909184448084935
14 16 0.34498184911477425
14 3149 0.35318115629131186
14 25 0.48206504786018833
14 24 0.34749138687864367
14 27 0.3983287091447822
14 26 0.4372006608209178
14 31 0.41927178226445405
14 30 0.3842874200304778
14 305 0.297434044487694
14 2959 0.28318496401599547
14 32 0.3988120795759843
14 38 0.2685215290702445
14 311 0.4261079988607581
14 43 0.35274328093413687
14 312 0.32815516678420353
14 40 0.3586128562998815
14 46 0.3207202999734542
14 47 0.22027876877260888
14 44 0.41186274128941713
14 45 0.44590894761323463
14 51 0.41291395315751256
14 364 0.22963038152406795
14 2845 0.3751729343252155
14 1999 0.325784514186619
14 181 0.18306531020219743
14 1918 0.30602521824615336
15 0 0.4039619554215758
15 816 0.34885434916575686
15 200 0.3251798629466366
15 36 0.1996561091336101
15 9 0.295773292031583
15 401 0.2950245608841002
15 2347 0.32133247334590787
15 13 0.3327694117451684
15 14 0.2909184448084935
15 1896 0.30807965638156387
15 25 0.4480218968686107
15 2845 0.3411297833336379
15 26 0.40315750982934023
15 2670 0.2657538174176295
15 208 0.27602016342399366
15 1521 0.35654192709669386
15 3100 0.23323196391529874
15 912 0.26074017515088665
16 0 0.45802535972785663
16 4 0.20512712785848203
16 5 0.3387284248249093
16 42 0.4517351914764829
16 9 0.3498366963378638
16 917 0.20601953959268204
16 46 0.3407405532881574
16 13 0.3868328160514492
16 14 0.34498184911477425
16 186 0.2364014193407507
16 2218 0.37577299379506635
16 1776 0.2686596085785727
16 25 0.5020853011748916
16 2845 0.39519318763991873
16 27 0.4183489624594854
16 1045 0.4117648208198297
16 1999 0.3458047675013223
16 1433 0.20533669154371156
17 851 0.36594786591484807
17 0 0.4179199335479324
17 850 0.3304968804102676
17 307 0.19903610489792517
17 33 0.3813527920220853
17 2577 0.3323514414989885
17 544 0.24807383500792213
17 2504 0.35045518435196243
17 42 0.41162976529655865
17 1600 0.24992645293250082
17 2344 0.3298942911152826
17 356 0.37146590113198474
17 184 0.39036739334032533
17 2118 0.5177748955211946
17 185 0.4239139691975741
17 2119 0.3086949472773114
17 352 0.2768153100663977
17 906 0.38941489171462396
17 2120 0.33400681058287457
17 3306 0.21640370998449948
17 2274 0.3081684297433351
17 2272 0.28259379004877994
17 4283 0.18926017764486816
17 2361 0.4597088275176043
17 1433 0.16523126536378732
18 0 0.4713138021651895
18 372 0.24839153724175916
18 33 0.4347466606393424
18 200 0.3925317096902503
18 2504 0.4038490529692195
18 42 0.46502363391381574
18 1600 0.30332032154975797
18 2344 0.3832881597325397
18 9 0.3631251387751967
18 863 0.41610758769480066
18 3044 0.47598976859711284
18 1598 0.3738724231391518
18 352 0.3302091786836548
18 2845 0.4084816300772516
18 2600 0.46109444582014314
18 495 0.43788030440791004
18 2361 0.5131026961348614
18 1814 0.6050010036927314
18 434 0.484473124376001
19 0 0.48144424310096257
19 307 0.26256041445095535
19 33 0.4448771015751155
19 1600 0.31345076248553105
19 42 0.4751540748495888
19 9 0.3732555797109698
19 78 0.3287180067875054
19 13 0.4102516994245552
19 352 0.3403396196194279
19 25 0.5255041845479975
19 2845 0.41861207101302467
19 2156 0.4609625915764983
19 723 0.4060144687266085
19 2962 0.33855729478301844
19 3306 0.27992801953752966
19 2361 0.5232331370706345
20 0 0.5302284006751302
20 33 0.4936612591492831
20 352 0.3891237771935955
20 906 0.5017233588418217
20 42 0.5239382324237565
20 25 0.5742883421221652
20 2344 0.44220275824248045
20 1600 0.36223492005969865
20 2156 0.509746749150666
20 2962 0.38734145235718603
20 167 0.43827450658469647
20 3306 0.3287121771116973
21 1134 0.3867546335339751
21 0 0.4985495406785073
21 2390 0.2850880883254672
21 352 0.3574449171969726
21 25 0.5426094821255422
21 2344 0.41052389824585755
21 2361 0.5403384346481792
22 0 0.4913881887935426
22 33 0.45482104726769557
22 906 0.46288314696023425
22 25 0.5354481302405776
22 2344 0.40336254636089286
22 2361 0.5331770827632145
23 0 0.49580117134771395
23 2361 0.5375900653173858
24 0 0.46053489749172605
24 307 0.2416510688417188
24 33 0.4239677559658789
24 42 0.4542447292403523
24 9 0.35234623410173316
24 401 0.3515975029542504
24 46 0.34325009105202675
24 13 0.38934235381531856
24 14 0.34749138687864367
24 2459 0.3875183621748959
24 2553 0.2478562750544644
24 25 0.5045948389387609
24 2845 0.39770272540378815
24 27 0.4208585002233548
24 26 0.45973045189949047
24 2274 0.35078339368712874
24 30 0.40681721110905045
24 3100 0.28980490598544895
25 0 0.5951085584732707
25 1 0.6438609043660701
25 3 0.4109104952604822
25 4 0.34221032660389605
25 5 0.47581162357032336
25 6 0.47642913290120403
25 7 0.48189267057326146
25 8 0.3985420782918517
25 2192 0.3336174341389328
25 9 0.4869198950832778
25 2042 0.5429767122199562
25 10 0.5442160440821948
25 401 0.486171163935795
25 11 0.3746783720060666
25 12 0.5242154517736126
25 13 0.5239160147968632
25 14 0.48206504786018833
25 15 0.4480218968686107
25 16 0.5020853011748916
25 19 0.5255041845479975
25 21 0.5426094821255422
25 20 0.5742883421221652
25 320 0.5589226138424988
25 22 0.5354481302405776
25 24 0.5045948389387609
25 27 0.5554321612048995
25 26 0.5943041128810351
25 31 0.5763752343245713
25 987 0.6424328965086286
25 372 0.37218629354984034
25 38 0.4256249811303618
25 2344 0.507082916040621
25 43 0.5098467329942541
25 916 0.411096515068697
25 2347 0.5124790763976027
25 41 0.42499256076718805
25 46 0.4778237520335714
25 44 0.5689661933495345
25 45 0.6030123996733519
25 51 0.5700174052176298
25 2845 0.5322763863853328
25 1999 0.4828879662467363
25 181 0.3401687622623147
26 0 0.5502441714340002
26 1 0.5989965173267997
26 3 0.36604610822121175
26 5 0.4309472365310528
26 6 0.43156474586193355
26 129 0.3094983537627096
26 9 0.44205550804400734
26 131 0.4535907739434049
26 10 0.49935165704292434
26 401 0.44130677689652453
26 11 0.32981398496679604
26 13 0.47905162775759275
26 132 0.4046541268240966
26 14 0.4372006608209178
26 135 0.4741213693844747
26 15 0.40315750982934023
26 2021 0.3022654447968437
26 2023 0.4554697740657412
26 25 0.5943041128810351
26 2025 0.31724868504361425
26 24 0.45973045189949047
26 27 0.5105677741656289
26 31 0.5315108472853007
26 30 0.4965264850513246
26 307 0.33136034278399296
26 32 0.5110511445968311
26 33 0.513677029908153
26 311 0.5383470638816049
26 42 0.5439540031826264
26 916 0.3662321280294265
26 40 0.4708519213207283
26 160 0.3910021132002097
26 41 0.3801281737279175
26 46 0.43295936499430093
26 47 0.3325178337934557
26 44 0.5241018063102639
26 522 0.36148372852211497
26 45 0.5581480126340814
26 51 0.5251530181783592
26 3301 0.5121116063160508
26 49 0.4372938307844164
26 2845 0.4874119993460623
26 1999 0.4380235792074658
26 181 0.2953043752230442
26 2814 0.502676510942172
26 1598 0.4528027924079625
26 624 0.4578949532284725
26 2943 0.3720189422113303
26 850 0.4628211182963353
26 1924 0.44721716891574176
26 126 0.36658731663345984
26 125 0.3510116097406988
26 495 0.5168106736767206
26 1381 0.5592783974974009
27 34 0.26015418521517963
27 0 0.5113722197578645
27 1 0.560124565650664
27 32 0.47217919292069543
27 3 0.3271741565450761
27 4 0.25847398788848996
27 5 0.3920752848549172
27 6 0.39269279418579794
27 8 0.31480573957644553
27 9 0.40318355636787173
27 10 0.4604797053667887
27 401 0.40243482522038887
27 46 0.3940874133181653
27 13 0.44017967608145714
27 14 0.3983287091447822
27 45 0.5192760609579458
27 16 0.4183489624594854
27 25 0.5554321612048995
27 24 0.4208585002233548
27 26 0.5105677741656289
27 31 0.4926388956091652
27 747 0.31268059789265945
27 801 0.2421560801623116
27 3856 0.32823655446055494
28 833 0.4510058217171467
28 1465 0.28602114166975223
28 1602 0.33371429154851917
28 1603 0.2355909970436969
28 572 0.23543105027833633
28 571 0.3676886744880253
28 29 0.342235754293179
28 495 0.3849044495831231
28 1381 0.4273721734038034
28 434 0.43149726955121404
29 2613 0.2174175847418165
29 1581 0.357755176301381
29 1297 0.25877645803995686
29 626 0.2561414316592959
29 565 0.23145820128946915
29 1238 0.3786570260007064
29 1352 0.32125770454453156
29 1351 0.20442211546589428
29 633 0.23767449287119793
29 572 0.2920395269169459
29 571 0.42429715112663485
29 1586 0.22332763207957576
29 28 0.342235754293179
29 1344 0.2809970807162828
29 517 0.31622164919192985
29 1130 0.31829662822406546
29 2298 0.3388612198834886
29 1129 0.25552109428707687
29 1464 0.3686680745751926
29 1601 0.2642241043596706
29 1602 0.39032276818712874
29 1603 0.2921994736823065
29 1604 0.26606129278590424
29 1605 0.2732659412298931
29 1606 0.24483594725453334
29 1987 0.3276994007575217
29 1984 0.37939570186442595
29 429 0.20442211546589428
29 431 0.22225598579012829
29 495 0.44151292622173266
29 434 0.4881057461898236
30 5 0.3780339957406128
30 2849 0.4507100690594015
30 6 0.37865150507149353
30 8 0.3007644504621412
30 9 0.3891422672535673
30 11 0.276900744176356
30 13 0.4261383869671527
30 14 0.3842874200304778
30 24 0.40681721110905045
30 26 0.4965264850513246
30 31 0.47859760649486077
30 34 0.24611289610087525
30 32 0.4581379038063911
30 33 0.46076378911771304
30 446 0.31264863439964063
30 42 0.4910407623921864
30 2344 0.4093052882109104
30 40 0.41793868053028826
30 2347 0.41470144856789215
30 46 0.3800461242038609
30 47 0.27960459300301566
30 3366 0.3185087672540843
30 45 0.5052347718436414
30 186 0.27570699025645423
30 51 0.4722397773879193
30 50 0.4929542496188813
30 49 0.3843805899939764
30 48 0.48379192822425476
30 1999 0.3851103384170258
31 32 0.4931222660403673
31 446 0.3476329966336168
31 2344 0.4442896504448866
31 9 0.42412662948754354
31 916 0.3483032494729627
31 401 0.42337789834006073
31 46 0.41503048643783713
31 14 0.41927178226445405
31 25 0.5763752343245713
31 27 0.4926388956091652
31 26 0.5315108472853007
31 300 0.44906427308707864
31 30 0.47859760649486077
32 0 0.5118555901890667
32 645 0.38251136568968397
32 42 0.5055654219376929
32 916 0.327843546784493
32 917 0.2598497700538921
32 401 0.40291819565159104
32 13 0.44066304651265925
32 643 0.501707919486882
32 14 0.3988120795759843
32 27 0.47217919292069543
32 26 0.5110511445968311
32 31 0.4931222660403673
32 30 0.4581379038063911
32 1562 0.2908361880372828
32 4019 0.30919023920392336
33 2814 0.46691381500856044
33 1905 0.4601151804201663
33 9 0.4062928121103958
33 3044 0.519157441932312
33 13 0.4432889318239812
33 17 0.3813527920220853
33 19 0.4448771015751155
33 18 0.4347466606393424
33 399 0.5124421816276838
33 20 0.4936612591492831
33 398 0.5431590258925416
33 22 0.45482104726769557
33 24 0.4239677559658789
33 26 0.513677029908153
33 1045 0.4682209365923617
33 30 0.46076378911771304
33 851 0.4625094078673043
33 34 0.2632634409577037
33 987 0.5618058135357464
33 2583 0.4484727033472701
33 307 0.2955976468503814
33 2000 0.4167074591416864
33 368 0.4310227795242797
33 42 0.508191307249015
33 43 0.4292196500213721
33 46 0.3971966690606894
33 47 0.29675513785984414
33 44 0.4883391103766524
33 45 0.5223853167004698
33 356 0.468027443084441
33 50 0.5101047944757098
33 49 0.4015311348508048
33 184 0.4869289352927816
33 48 0.5009424730810832
33 364 0.30610675061130316
33 365 0.42798889460223927
33 177 0.4948410636363076
33 360 0.4178828958049236
33 1999 0.4022608832738543
33 181 0.25954167928943267
34 33 0.2632634409577037
34 399 0.29779128861084597
34 398 0.3285081328757038
34 42 0.2935404142321771
34 27 0.26015418521517963
34 47 0.08210424484300632
34 30 0.24611289610087525
35 1033 0.42485299516951947
35 36 0.27800608468771953
35 1038 0.47523982823871225
35 37 0.390092508089364
35 1039 0.4538564665301869
35 1121 0.3091463352956516
35 543 0.26107634593414963
35 1967 0.5043208697621856
35 57 0.5477735246483277
35 391 0.2534532420977938
35 1286 0.2932694447277386
35 1377 0.22189818704412428
35 390 0.4637772878259528
35 1287 0.4352371327659289
35 1284 0.4414206918476843
35 688 0.214822388614727
35 747 0.2836203091104802
35 1444 0.2506949813313141
35 748 0.3190574176367144
35 605 0.21178762246256738
36 550 0.1570727976242771
36 551 0.11871326020526274
36 1368 0.2870292875386139
36 1365 0.3190677149468767
36 1088 0.1291111049700576
36 2738 0.3606761878793481
36 1089 0.18126404622383602
36 15 0.1996561091336101
36 807 0.22475461322093948
36 1354 0.08082673790636223
36 800 0.1388928157725772
36 1353 0.1409563433328333
36 35 0.27800608468771953
36 2956 0.3314600675579928
36 37 0.25452334785194886
36 1124 0.15467753359808628
36 1394 0.13806747767374558
36 52 0.09863597897223512
36 540 0.2988768986624083
36 1033 0.28928383493210424
36 1034 0.25651185877713245
36 71 0.07806046892535681
36 340 0.22064235409513744
36 1037 0.22560015940855488
36 338 0.20637156815168745
36 1038 0.339670668001297
36 1039 0.3182873062927717
36 351 0.30071436281866953
36 3040 0.19297541805185497
36 73 0.20739303335945414
36 1301 0.0901016185473251
36 1597 0.24923931679579409
36 631 0.08837629917880374
36 1283 0.23290205217754556
36 1286 0.15770028449032336
36 639 0.2966888008588286
36 1287 0.2996679725285137
36 1284 0.30585153161026907
36 1285 0.23424738221944358
36 102 0.3071580792815882
36 101 0.15286509651980318
36 863 0.2915365562678812
36 377 0.08177372653908355
36 106 0.24524497441728216
36 107 0.17604155926615944
36 1537 0.12105311380340297
36 104 0.1442506447124785
36 378 0.16028588659927623
36 1320 0.09284127307975046
36 835 0.08555041635394492
36 117 0.255171302413386
36 1323 0.2830478777683299
36 838 0.33956948202029125
36 596 0.09471861479996546
36 1762 0.1250594883470854
36 408 0.33298238249195533
36 409 0.23075046501592267
36 138 0.14327166868493107
36 412 0.2677794268266478
36 413 0.28608084837379577
36 133 0.10060421379018714
36 406 0.3191122655653271
36 675 0.3503959129573737
36 407 0.19720443268221205
36 674 0.08696176770027862
36 404 0.22343785143001949
36 1497 0.23939926834740377
36 405 0.32024877933877527
36 395 0.09282894223370704
36 394 0.3486088133797465
36 153 0.16865321379679926
36 393 0.15515714142340714
36 154 0.25758330703442867
36 700 0.2869740598394984
36 1476 0.31700014098815904
36 2052 0.07621846222515218
36 157 0.164774268071125
36 696 0.09480433990171627
36 396 0.16071553605311303
36 387 0.1470986855855591
36 386 0.13646627718590543
36 385 0.16473457644827005
36 384 0.23577863465592058
36 391 0.11788408186037858
36 390 0.32820812758853757
36 389 0.23221069857693616
36 388 0.08831818988481216
36 170 0.09554020505679287
36 1526 0.26103689917714423
36 169 0.17042070848275206
36 442 0.23096961591368353
36 923 0.08661389482218548
36 174 0.27727172654467586
36 160 0.18750071250447958
36 2082 0.14558733546351849
36 1984 0.2511920486236839
36 906 0.3182377289049616
36 2359 0.10921890264778067
36 2358 0.2250424144695511
36 900 0.21881941956176032
36 1757 0.17126051301866407
36 422 0.1315975538835881
36 1426 0.14817180130367757
36 1154 0.10132781575668126
36 1425 0.08387673638362465
36 1022 0.2500841395787908
36 192 0.13055494190679112
36 1001 0.19086816280846258
36 2125 0.27183225065890304
36 209 0.0775196346205987
36 2640 0.0851035773691803
36 978 0.1336888371196577
36 2649 0.08597832415905711
36 229 0.33259799729850936
36 228 0.32133232559040653
36 2650 0.36836788324070724
36 1927 0.14856369996100244
36 245 0.24702774700555313
36 1455 0.13282974682837315
36 1498 0.15198756805992314
37 1034 0.368598282178777
37 408 0.4450688058935999
37 409 0.34283688841756715
37 138 0.25535809208657556
37 1038 0.4517570914029415
37 1039 0.43037372969441623
37 3040 0.30506184145349946
37 133 0.21269063719183162
37 406 0.4311986889669716
37 407 0.30929085608385654
37 395 0.20491536563535154
37 394 0.460695236781391
37 154 0.36966973043607315
37 807 0.33684103662258397
37 2052 0.18830488562679668
37 1592 0.30879487893101176
37 1287 0.41175439593015817
37 390 0.4402945509901821
37 1284 0.41793795501191355
37 388 0.20040461328645665
37 1285 0.34633380562108806
37 35 0.390092508089364
37 101 0.26495151992144766
37 923 0.19870031822383
37 36 0.25452334785194886
37 377 0.19386014994072803
37 1927 0.2606501233626469
37 835 0.19763683975558943
37 2358 0.33712883787119563
37 245 0.3591141704071976
37 900 0.33090584296340486
38 0 0.3815650396833269
38 2 0.31810930254274933
38 4 0.1286668078139523
38 3053 0.12003756529092799
38 309 0.2656871221544279
38 2506 0.33453704074310187
38 2312 0.2973917627118229
38 2347 0.2989355576076589
38 401 0.27262764514585125
38 41 0.21144904197724426
38 14 0.2685215290702445
38 326 0.12629882807344905
38 25 0.4256249811303618
38 1007 0.39343550397005367
39 13 0.35775809238157086
39 2361 0.47073953002765023
40 308 0.24578235309829086
40 310 0.4749954719773346
40 2344 0.3836307244803141
40 2347 0.38902688483729586
40 26 0.4708519213207283
40 521 0.4377086185693143
40 13 0.4004638232365564
40 14 0.3586128562998815
40 30 0.41793868053028826
41 1986 0.3089045457948938
41 1984 0.28538189720556695
41 4 0.12803438745077853
41 38 0.21144904197724426
41 25 0.42499256076718805
41 2845 0.3181004472322152
41 401 0.27199522478267746
41 26 0.3801281737279175
41 46 0.2636478128804539
41 13 0.3097400756437457
41 1521 0.3335125909952712
42 1641 0.5419829672903886
42 5 0.42546151387191466
42 6 0.4260790232027954
42 9 0.4365697853848692
42 1907 0.2868115855895219
42 2042 0.49262660252154766
42 11 0.3243282623076579
42 401 0.4358210542373864
42 1906 0.3418024362804052
42 13 0.4735659050984546
42 1908 0.3066552372157398
42 17 0.41162976529655865
42 16 0.4517351914764829
42 19 0.4751540748495888
42 18 0.46502363391381574
42 399 0.5427191549021572
42 2864 0.34358686695884877
42 20 0.5239382324237565
42 24 0.4542447292403523
42 26 0.5439540031826264
42 30 0.4910407623921864
42 3274 0.4918250335909605
42 34 0.2935404142321771
42 32 0.5055654219376929
42 307 0.3258746201248548
42 2000 0.44698443241615976
42 2582 0.4735326104157107
42 33 0.508191307249015
42 2001 0.49336678671348044
42 2577 0.4591899567259181
42 2344 0.45673280634221225
42 43 0.4594966232958455
42 2347 0.462128966699194
42 46 0.4274736423351628
42 47 0.3270321111343175
42 44 0.5186160836511258
42 45 0.5526622899749432
42 51 0.5196672955192212
42 50 0.5403817677501832
42 184 0.5172059085672549
42 49 0.43180810812527826
42 185 0.5507524844245038
42 1868 0.6024798542905716
42 2693 0.4381102671266882
42 178 0.39193955966704563
42 179 0.4632068706153837
42 900 0.4168350975983523
42 177 0.525118036910781
42 1999 0.43253785654832766
42 180 0.5065981962082645
42 181 0.28981865256390604
42 2814 0.49719078828303387
42 2371 0.3227608617714786
42 2131 0.517808871427354
42 2676 0.2872496074668273
42 2813 0.46629355885134693
42 2504 0.477293699578892
42 3043 0.5516433543405179
42 3042 0.5317015072530762
42 867 0.365081791646991
42 851 0.4927863811417777
42 850 0.45733539563719716
42 370 0.4457048934953752
42 356 0.49830441635891437
42 3035 0.450765682702448
42 358 0.435609688859588
42 359 0.41739454645365615
42 364 0.33638372388577653
42 365 0.45826586787671264
42 366 0.4350382992245465
42 360 0.448159869079397
42 1433 0.2920697805907169
43 33 0.4292196500213721
43 42 0.4594966232958455
43 25 0.5098467329942541
43 2344 0.3777611491145695
43 401 0.3568493970097436
43 46 0.34850198510751995
43 13 0.39459424787081177
43 14 0.35274328093413687
43 868 0.3322260327340141
43 843 0.21790308339954512
44 0 0.5249062519024995
44 307 0.3060224232524923
44 33 0.4883391103766524
44 446 0.34022395565858
44 42 0.5186160836511258
44 9 0.4167175885125067
44 2347 0.4422767698268315
44 46 0.40762144546280027
44 13 0.4537137082260921
44 14 0.41186274128941713
44 49 0.41195591125291575
44 25 0.5689661933495345
44 26 0.5241018063102639
44 1999 0.41268565967596516
44 1498 0.3301510492241526
45 655 0.49618101499172385
45 33 0.5223853167004698
45 654 0.44364464084640276
45 953 0.43933995005506865
45 446 0.3742701619823974
45 42 0.5526622899749432
45 2344 0.4709268157936672
45 9 0.4507637948363241
45 401 0.4500150636888413
45 2347 0.476322976150649
45 917 0.30694663809114237
45 46 0.4416676517866177
45 13 0.4877599145499095
45 3366 0.3801302948368411
45 14 0.44590894761323463
45 980 0.4217415599553478
45 628 0.32642763128373153
45 25 0.6030123996733519
45 27 0.5192760609579458
45 26 0.5581480126340814
45 1999 0.4467318659997826
45 656 0.3806809974605268
45 30 0.5052347718436414
45 1375 0.4653966853017321
45 156 0.3939519023928563
45 1371 0.590687651245408
45 157 0.37698395555917186
46 0 0.4337638105865365
46 1 0.482516156479336
46 2 0.37030807344595895
46 1641 0.43098832910206314
46 2814 0.3861961500947083
46 5 0.3144668756835892
46 6 0.3150843850144699
46 7 0.3205479226865273
46 402 0.2653767457535381
46 403 0.28619695787679766
46 9 0.3255751471965437
46 400 0.3868608460780516
46 10 0.3828712961954607
46 401 0.3248264160490609
46 11 0.2133336241193324
46 13 0.3625712669101291
46 14 0.3207202999734542
46 16 0.3407405532881574
46 25 0.4778237520335714
46 24 0.34325009105202675
46 27 0.3940874133181653
46 26 0.43295936499430093
46 31 0.41503048643783713
46 30 0.3800461242038609
46 304 0.22686053644342274
46 307 0.2148799819365293
46 33 0.3971966690606894
46 306 0.4008839842510093
46 308 0.20788979677186353
46 311 0.42186670303414125
46 313 0.3935701794113464
46 42 0.4274736423351628
46 312 0.32391387095758667
46 43 0.34850198510751995
46 41 0.2636478128804539
46 47 0.21603747294599202
46 44 0.40762144546280027
46 45 0.4416676517866177
46 50 0.42938712956185765
46 3301 0.39563124546858713
46 184 0.40621127037892946
46 49 0.3208134699369527
46 1924 0.3307368080682781
46 185 0.43975784623617825
46 156 0.2687632547530759
47 34 0.08210424484300632
47 307 0.11443845073568402
47 33 0.29675513785984414
47 42 0.3270321111343175
47 9 0.22513361599569842
47 2347 0.25069279731002325
47 46 0.21603747294599202
47 3044 0.3379982458176146
47 14 0.22027876877260888
47 49 0.22037193873610744
47 399 0.3312829855129864
47 398 0.36199982977784423
47 26 0.3325178337934557
47 1999 0.2211016871591569
47 30 0.27960459300301566
48 305 0.39693855268147094
48 304 0.3306063404638166
48 442 0.42173645978234386
48 33 0.5009424730810832
48 446 0.35282731836301084
48 310 0.5408487196713012
48 470 0.49221492447398896
48 2503 0.32430277610677755
48 8 0.3409431344255114
48 9 0.42932095121693753
48 11 0.3170794281397262
48 2347 0.45488013253126236
48 1049 0.31534898077800255
48 1051 0.38525076461131474
48 1288 0.4243138543480277
48 607 0.3824334216769854
48 30 0.48379192822425476
48 181 0.2825698183959744
49 205 0.3956909644575809
49 1641 0.4353227948921786
49 2814 0.3905306158848238
49 2849 0.39147741479249326
49 337 0.2564431859495869
49 336 0.2105456062159372
49 9 0.3299096129866591
49 828 0.1981420202591595
49 3044 0.44277424280857536
49 13 0.3669057327002445
49 827 0.23843353665452083
49 1598 0.34065689735061433
49 867 0.25842161924878093
49 26 0.4372938307844164
49 30 0.3843805899939764
49 851 0.3861262087435676
49 850 0.35067522323898714
49 307 0.21921444772664475
49 2582 0.3668724380175007
49 33 0.4015311348508048
49 446 0.2534159801327324
49 42 0.43180810812527826
49 2347 0.355468794300984
49 46 0.3208134699369527
49 1259 0.1948069890989284
49 47 0.22037193873610744
49 1258 0.34000279748420703
49 3366 0.2592761129871761
49 44 0.41195591125291575
49 1256 0.2149921751740436
49 186 0.21647433598954605
49 1924 0.3350712738583935
49 3038 0.2465715695204269
49 1999 0.32587768415011764
49 1863 0.23099548968991743
49 1275 0.32654138452361137
49 181 0.183158480165696
49 1036 0.47982784764444686
50 33 0.5101047944757098
50 399 0.5446326421288521
50 398 0.5753494863937099
50 42 0.5403817677501832
50 9 0.43848327261156406
50 1999 0.43445134377502254
50 496 0.3088886204256165
50 46 0.42938712956185765
50 13 0.47547939232514946
50 30 0.4929542496188813
51 306 0.49307763743506766
51 6 0.40727803819852826
51 42 0.5196672955192212
51 25 0.5700174052176298
51 312 0.41610752414164504
51 2347 0.44332798169492693
51 26 0.5251530181783592
51 2318 0.43297359813720854
51 521 0.4920097154269454
51 14 0.41291395315751256
51 30 0.4722397773879193
52 68 0.14257214737441995
52 69 0.07523664031521175
52 70 0.25676904229950653
52 71 0.03425952344728759
52 64 0.1286341361019495
52 65 0.1500105375850728
52 412 0.2239784813485786
52 66 0.21685100373873217
52 413 0.24227990289572657
52 1368 0.24322834206054467
52 67 0.06364218471755856
52 72 0.07220641462342223
52 73 0.1635920878813849
52 87 0.0968218074103706
52 800 0.09509187029450798
52 1355 0.12413291392477183
52 1423 0.26712412963604776
52 36 0.09863597897223512
52 2294 0.28872858468539747
52 111 0.1586721915148337
52 798 0.24172939380630123
52 499 0.33334700953685864
52 772 0.2419151049652702
52 1566 0.21626625879482647
52 1323 0.23924693229026067
52 55 0.16209476420475016
52 54 0.1040980288160194
52 491 0.08601139620201217
52 53 0.171741520474199
52 903 0.21950446645905342
52 59 0.244891517814932
52 58 0.37107196813458604
52 57 0.3684034189328433
52 2362 0.06687084113812022
52 56 0.2177245325065708
52 63 0.16541123295043889
52 62 0.14652156653766274
52 1138 0.09276472769133429
52 61 0.274104456496168
52 60 0.15732900023476948
52 1371 0.3346770182792918
52 2361 0.3447307192298727
52 3273 0.20719697990138855
53 68 0.25947863435445306
53 69 0.19214312729524485
53 70 0.3736755292795396
53 64 0.24554062308198257
53 65 0.2669170245651059
53 412 0.3408849683286117
53 66 0.33375749071876526
53 67 0.18054867169759165
53 2294 0.40563507166543056
53 111 0.2755786784948668
53 72 0.1891129016034553
53 73 0.280498574861418
53 499 0.4502534965168917
53 800 0.21199835727454108
53 54 0.2210045157960525
53 52 0.171741520474199
53 56 0.3346310194866039
53 63 0.28231771993047194
53 62 0.2634280535176958
53 60 0.27423548721480256
53 605 0.14932400372711604
54 68 0.19183514269627344
54 69 0.12449963563706525
54 70 0.30603203762136
54 64 0.17789713142380298
54 65 0.1992735329069263
54 1698 0.111156892239412
54 412 0.2732414766704321
54 66 0.26611399906058564
54 1368 0.2924913373823982
54 67 0.11290518003941205
54 72 0.12146940994527572
54 133 0.10606626363397141
54 73 0.2128550832032384
54 1705 0.21628793087687043
54 393 0.1606191912671914
54 1355 0.17339590924662532
54 2294 0.337991580007251
54 1059 0.25920772646301715
54 111 0.20793518683668719
54 522 0.16344437767016912
54 912 0.20898304031136516
54 499 0.38261000485871216
54 911 0.1028327621733616
54 1566 0.26552925411667994
54 53 0.2210045157960525
54 52 0.1040980288160194
54 56 0.2669875278284243
54 63 0.21467422827229238
54 62 0.19578456185951623
54 2152 0.14696052062664455
55 69 0.18249637102579602
55 71 0.14151925415787184
55 1250 0.19772262167959212
55 651 0.25458757354630573
55 1249 0.14387770737303004
55 446 0.22551925972686554
55 650 0.3641420002946642
55 978 0.19714762235217276
55 2622 0.21024163758942402
55 980 0.2729906576998159
55 1301 0.15356040377984015
55 1979 0.32305380253137433
55 1507 0.4209351584414177
55 628 0.17767672902819964
55 52 0.16209476420475016
55 1449 0.4117478034637736
55 59 0.35215124852551627
55 875 0.4094276603452611
55 998 0.13967724745766721
55 1480 0.28116256367657955
56 68 0.3054616463868249
56 69 0.23812613932761667
56 70 0.41965854131191144
56 64 0.2915236351143544
56 1968 0.5243907091879237
56 65 0.3129000365974777
56 1969 0.4172084877175531
56 3400 0.6452446241455063
56 66 0.3797405027511371
56 67 0.22653168372996346
56 72 0.23509591363582713
56 73 0.3264815868937898
56 404 0.34252640496435516
56 869 0.224936687137435
56 1355 0.28702241293717673
56 1054 0.49158677139103246
56 1967 0.4878402630591061
56 875 0.46505742864708177
56 815 0.4288131110909163
56 688 0.19834178191164747
56 447 0.19740510807615014
56 2294 0.45161808369780243
56 111 0.3215616905272386
56 797 0.5331633849863865
56 499 0.4962365085492636
56 427 0.5490242144308903
56 772 0.4048046039776751
56 1566 0.3791557578072314
56 1323 0.4021364313026656
56 428 0.5262456359835946
56 54 0.2669875278284243
56 905 0.43049652160921803
56 53 0.3346310194866039
56 52 0.2177245325065708
56 58 0.533961467146991
56 1516 0.3885715339254617
56 57 0.5312929179452482
56 63 0.3283007319628438
56 62 0.30941106555006764
56 1138 0.25565422670373916
56 61 0.4369939555085729
56 60 0.3202184992471744
57 820 0.37471574652216977
57 1220 0.44357252346633524
57 548 0.6531398133440209
57 549 0.5883003596425668
57 547 0.4030849000840774
57 819 0.35766003297986027
57 402 0.44812314586587976
57 400 0.5696072461903934
57 2738 0.6304436278399563
57 675 0.620163352917982
57 674 0.3567292076608868
57 3269 0.4382087795454662
57 2598 0.5589253671698421
57 3268 0.40342741854705905
57 3265 0.5429481741225075
57 1355 0.43770129936344926
57 694 0.486546877071657
57 693 0.4286075082859635
57 815 0.5794919975171888
57 689 0.3700267051609064
57 305 0.4759391487734188
57 2002 0.43492687799289675
57 652 0.6207773320703349
57 35 0.5477735246483277
57 1251 0.574326609370754
57 798 0.5552977792449787
57 797 0.6838422714126591
57 917 0.36450439056370365
57 1535 0.42020952921704907
57 521 0.5825624623552288
57 911 0.36713815229018554
57 427 0.6997031008571628
57 2080 0.42994400132776894
57 2081 0.4350652789484259
57 2970 0.66347609935104
57 1750 0.5816958938643035
57 52 0.3684034189328433
57 541 0.5183971609350944
57 1517 0.4396617100329444
57 58 0.6846403535732635
57 540 0.5686443386230164
57 543 0.3952746256573426
57 1383 0.5693398328773243
57 56 0.5312929179452482
57 1379 0.5276705417015768
57 205 0.5741028987798071
57 69 0.38880502575388914
57 206 0.35967246790508295
57 1968 0.6750695956141963
57 64 0.4422025215406269
57 1969 0.5678873741438256
57 473 0.44011229049885425
57 349 0.3505018066179993
57 736 0.6500507350778081
57 193 0.49181495190289376
57 1289 0.41095218814423706
57 631 0.35814373913941194
57 869 0.3756155735637075
57 1592 0.4664758954899755
57 1054 0.6422656578173049
57 2125 0.5415996906195112
57 1967 0.6385191494853786
57 2397 0.3931245801856448
57 1043 0.43556972567288527
57 1042 0.4918898025386421
57 1966 0.6074454939505285
57 208 0.4885684187012961
57 209 0.3472870745812069
57 449 0.48299739597360786
57 211 0.3668266490254155
57 448 0.36819357524438423
57 1668 0.5498900230759539
57 2538 0.47894559097461187
57 2650 0.6381353232013154
57 496 0.3787268951229379
57 863 0.5613039962284894
57 3013 0.4735895559443429
57 225 0.6217292997102881
57 3012 0.4503856570106038
57 3234 0.5555041212536367
57 492 0.39719150797013275
57 1805 0.3658121783295373
57 1923 0.47232465260277934
57 491 0.3995797816406896
57 598 0.5527735640929825
57 490 0.38723258321720194
57 601 0.6819721624853675
57 600 0.49739166926991507
57 3110 0.5239000952465249
57 606 0.5948653831988358
57 747 0.4178185888336732
57 434 0.6296695329096897
57 2088 0.5286767766271301
58 205 0.57677144798155
58 820 0.3773842957239125
58 69 0.3914735749556319
58 684 0.4240469974074675
58 206 0.3623410171068257
58 683 0.3737186633385748
58 1968 0.677738144815939
58 200 0.5403966674256818
58 816 0.564071153644802
58 1969 0.5705559233455684
58 749 0.47018174325839185
58 819 0.360328582181603
58 473 0.442780839700597
58 402 0.4507916950676225
58 400 0.5722757953921361
58 72 0.3884433492638424
58 631 0.3608122883411547
58 2592 0.5537690067564889
58 2125 0.5442682398212539
58 1967 0.6411876986871213
58 815 0.5821605467189316
58 208 0.49123696790303883
58 811 0.3646155885371377
58 652 0.6234458812720777
58 2005 0.6529487706771424
58 797 0.6865108206144017
58 917 0.3671729397654464
58 1536 0.4284714354932797
58 496 0.38139544432468064
58 1122 0.7082027806712718
58 521 0.5852310115569714
58 492 0.3998600571718755
58 2355 0.3593125309617857
58 427 0.7023716500589057
58 426 0.4583729874118375
58 1323 0.5554838669306809
58 428 0.6795930716116099
58 491 0.40224833084243233
58 1921 0.5684528972066015
58 490 0.3899011324189447
58 52 0.37107196813458604
58 541 0.5210657101368372
58 57 0.6846403535732635
58 1383 0.572008382079067
58 56 0.533961467146991
58 1140 0.5354101581786747
58 2364 0.3725965988125936
58 1379 0.5303390909033197
58 495 0.5857452621433414
58 548 0.6558083625457637
58 547 0.40575344928582013
58 1007 0.6310492241873478
58 434 0.6323380821114324
58 2088 0.531345325828873
58 1433 0.3664900917164759
59 69 0.2652931246359779
59 71 0.2243160077680537
59 1133 0.5348807659530552
59 446 0.3083160133370474
59 336 0.2654456394202522
59 2294 0.4787850690061636
59 944 0.3479052878357332
59 827 0.2933335698588358
59 867 0.31332165245309596
59 55 0.35215124852551627
