4304 3356 3151 
1 0 0.3407247587534892
2 0 0.24630920093782047
3 0 0.3018213241747665
4 0 0.24780202714046523
5 0 0.2204089642265838
6 0 0.2488698592061015
7 0 0.2956572220141795
8 0 0.1722802927026713
9 0 0.26198324229926284
10 0 0.3002509385949449
401 0 0.17152592187795607
11 0 0.1738114813423567
12 0 0.28124972867356135
3044 0 0.39057853576058477
13 0 0.320086276113124
14 0 0.24006932651777596
15 0 0.3045418147208814
17 0 0.18722268522646854
16 0 0.20544229616603019
19 0 0.2786674308685424
18 0 0.2094682783626422
21 0 0.28349946097028295
20 0 0.273577646235329
23 0 0.35674158717978266
22 0 0.2791096167265167
25 0 0.29602281710531814
24 0 0.2508872123049295
27 0 0.23327946873997024
26 0 0.30232766022873836
32 0 0.30140263250624266
38 0 0.27889053428672966
916 0 0.3422551195277391
46 0 0.25948668811836095
44 0 0.31243331048949596
1999 0 0.16621024160180728
181 0 0.27244768842416267
0 1 0.3407247587534892
4 1 0.26610630269033986
8 1 0.1905845682525459
9 1 0.28028751784913747
401 1 0.18983019742783067
2347 1 0.1852929543835758
46 1 0.2777909636682355
12 1 0.2995540042234359
521 1 0.34060774316362785
13 1 0.3383905516629986
14 1 0.2583736020676506
25 1 0.31432709265519276
2845 1 0.3482529055226674
27 1 0.25158374428984487
26 1 0.320631935778613
181 1 0.2907519639740373
1483 1 0.20837595073946386
0 2 0.24630920093782047
306 2 0.27263866474762993
38 2 0.20277925202093555
974 2 0.1930085826844673
2344 2 0.16766697068299052
401 2 0.09541463961216198
2348 2 0.18848530567674232
46 2 0.18337540585256684
14 2 0.16395804425198188
0 3 0.3018213241747665
25 3 0.27542365807647007
2344 3 0.22317909391993657
3058 3 0.19703102699176833
27 3 0.21268030971112223
401 3 0.15092676284910803
26 3 0.28172850119989035
13 3 0.299487117084276
14 3 0.21947016748892792
0 4 0.24780202714046523
1 4 0.26610630269033986
309 4 0.18485229810911635
1520 4 0.09159178553865797
38 4 0.20427207822358034
2344 4 0.16915979688563532
1679 4 0.19298526285149767
41 4 0.15137026218304261
2347 4 0.09237022277055189
401 4 0.09690746581480676
13 4 0.2454678200499747
14 4 0.16545087045462664
2013 4 0.18241069748894834
16 4 0.13082384010288087
1776 4 0.12314197578833375
631 4 0.11123542920108101
906 4 0.154341997529604
25 4 0.22140436104216882
27 4 0.15866101267682095
1483 4 0.11545321912643997
0 5 0.2204089642265838
2849 5 0.0824599469017878
42 5 0.20260565181323303
2344 5 0.14176673397175388
9 5 0.1599717233222321
2347 5 0.06497715985667045
401 5 0.06951440290092532
46 5 0.1574751691413302
13 5 0.21807475713609326
14 5 0.1380578075407452
16 5 0.10343077718899943
906 5 0.12694893461572257
25 5 0.19401129812828738
27 5 0.1312679497629395
26 5 0.20031614125170766
30 5 0.13482872166483453
843 5 0.15894388076516858
0 6 0.2488698592061015
306 6 0.275199323015911
2849 6 0.11092084188130549
446 6 0.2401951262834487
42 6 0.2310665467927507
2344 6 0.17022762895127155
9 6 0.1884326183017498
401 6 0.09797529788044301
2347 6 0.09343805483618814
46 6 0.18593606412084787
13 6 0.24653565211561096
14 6 0.1665187025202629
51 6 0.2151272265607361
222 6 0.09265961760429423
325 6 0.126169189084121
2553 6 0.11069854565761135
25 6 0.22247219310780508
334 6 0.1823674192675921
27 6 0.1597288447424572
2845 6 0.2563980059752798
26 6 0.22877703623122533
333 6 0.27803445912451347
30 6 0.1632896166443522
1021 6 0.1831284825952542
1446 6 0.10645204951198109
1279 6 0.30357573996817544
3856 6 0.21985450037245707
0 7 0.2956572220141795
25 7 0.2692595559158831
401 7 0.144762660688521
46 7 0.23272342692892586
13 7 0.29332301492368895
14 7 0.2133060653283409
0 8 0.1722802927026713
3285 8 0.19238052287277477
1 8 0.1905845682525459
1051 8 0.0789796880374998
48 8 0.12360017555134786
25 8 0.1458826266043749
2344 8 0.09363806244784137
919 8 0.02947826829941311
27 8 0.08313927823902703
401 8 0.021385731377012836
13 8 0.16994608561218078
30 8 0.08670005014092205
1409 8 0.051141257797322315
0 9 0.26198324229926284
1 9 0.28028751784913747
1641 9 0.26204815891514316
2849 9 0.12403422497446685
5 9 0.1599717233222321
6 9 0.1884326183017498
10 9 0.23981369769059319
401 9 0.11108868097360437
11 9 0.11337424043800498
13 9 0.2596490352087723
14 9 0.17963208561342425
15 9 0.24410457381652972
16 9 0.14500505526167848
19 9 0.21823018996419075
18 9 0.1490310374582905
399 9 0.2703382166723259
398 9 0.24607099488190826
25 9 0.23558557620096643
24 9 0.19044997140057782
27 9 0.17284222783561856
26 9 0.2418904193243867
31 9 0.3187757864291212
30 9 0.17640299973751358
305 9 0.10577300069745559
304 9 0.24163845176944582
307 9 0.12183885307363931
2582 9 0.22122663171394347
306 9 0.28831270610907234
33 9 0.2546247838815793
309 9 0.19903351326791396
308 9 0.11307288976382995
311 9 0.24636674240922973
446 9 0.25330850937661004
310 9 0.22584315031456165
42 9 0.24417992988591208
313 9 0.2787555322714723
312 9 0.16795226770580582
2347 9 0.1065514379293495
917 9 0.17909915202888793
46 9 0.19904944721400925
47 9 0.1250564268698758
44 9 0.25199606958514426
45 9 0.23137230331833913
50 9 0.24255970366275736
49 9 0.15833469850545148
48 9 0.2133031251479394
2845 9 0.26951138906844113
1999 9 0.10577300069745559
301 9 0.13699866003656735
302 9 0.15334701207723486
303 9 0.1150253437187038
181 9 0.212010447519811
2814 9 0.1835480063031315
749 9 0.22499427893053003
851 9 0.18313948309994765
850 9 0.11891539153607476
1446 9 0.11956543260514245
1433 9 0.12424638011713816
0 10 0.3002509385949449
25 10 0.2738532724966485
9 10 0.23981369769059319
27 10 0.21110992413130059
2845 10 0.3077790853641232
401 10 0.1493563772692864
26 10 0.28015811562006876
46 10 0.23731714350969127
13 10 0.29791673150445436
14 10 0.2178997819091063
0 11 0.1738114813423567
1134 11 0.043410317585266325
2344 11 0.09516925108752673
42 11 0.1560081689290059
9 11 0.11337424043800498
401 11 0.022916920016698195
46 11 0.11087768625710305
14 11 0.09146032465651809
48 11 0.1251313641910332
631 11 0.03724488340297244
25 11 0.14741381524406028
26 11 0.15371865836748053
30 11 0.0882312387806074
0 12 0.28124972867356135
1 12 0.2995540042234359
2849 12 0.14330071134876532
25 12 0.25485206257526494
2344 12 0.20260749841873138
13 12 0.27891552158307076
3586 12 0.2666688625671816
0 13 0.320086276113124
1 13 0.3383905516629986
3 13 0.299487117084276
4 13 0.2454678200499747
5 13 0.21807475713609326
6 13 0.24653565211561096
7 13 0.29332301492368895
8 13 0.16994608561218078
9 13 0.2596490352087723
10 13 0.29791673150445436
401 13 0.16919171478746553
12 13 0.27891552158307076
14 13 0.23773511942728542
15 13 0.3022076076303909
3149 13 0.34216890924424326
16 13 0.20310808907553965
2459 13 0.22903776404076534
19 13 0.2763332237780519
25 13 0.2936886100148276
694 13 0.21445521988422198
24 13 0.24855300521443896
27 13 0.2309452616494797
26 13 0.2999934531382479
693 13 0.1915497738198066
30 13 0.23450603355137473
2002 13 0.2066130127117058
2003 13 0.21805891729179447
32 13 0.2990684254157521
307 13 0.17994188688750049
2000 13 0.18553089509536244
2582 13 0.27932966552780464
33 13 0.31272781769544045
2001 13 0.2557517198533123
39 13 0.1752726400040578
308 13 0.1711759235776911
2004 13 0.25081453863712805
446 13 0.3114115431904712
42 13 0.30228296369977325
2344 13 0.24144404585829407
43 13 0.2726795035287638
916 13 0.33992091243724853
40 13 0.2663970717875107
41 13 0.22365451115570137
917 13 0.2372021858427491
46 13 0.25715248102787036
44 13 0.31009910339900537
45 13 0.2894753371322003
186 13 0.23487683352656746
1866 13 0.3327901409013111
50 13 0.30066273747661854
49 13 0.21643773231931265
184 13 0.28408707496226054
185 13 0.28934259328404505
1384 13 0.19873629318726338
906 13 0.22662624650226276
1999 13 0.16387603451131674
182 13 0.2812668906861843
1863 13 0.22333255759167614
183 13 0.2533057385266946
181 13 0.27011348133367213
364 13 0.18624390319832063
0 14 0.24006932651777596
1 14 0.2583736020676506
2 14 0.16395804425198188
3 14 0.21947016748892792
4 14 0.16545087045462664
2849 14 0.10212030919297996
5 14 0.1380578075407452
6 14 0.1665187025202629
7 14 0.2133060653283409
9 14 0.17963208561342425
10 14 0.2178997819091063
1906 14 0.10029446832374855
401 14 0.08917476519211748
11 14 0.09146032465651809
3044 14 0.3082273790747462
13 14 0.23773511942728542
15 14 0.22219065803504282
16 14 0.1230911394801916
3149 14 0.26215195964889515
25 14 0.21367166041947955
24 14 0.1685360556190909
27 14 0.15092831205413165
26 14 0.2199765035428998
31 14 0.29686187064763425
30 14 0.15448908395602667
305 14 0.08385908491596869
2959 14 0.09227290817227174
32 14 0.21905147582040407
38 14 0.19653937760089107
311 14 0.22445282662774285
43 14 0.19266255393341572
312 14 0.1460383519243189
40 14 0.18638012219216268
46 14 0.17713553143252234
47 14 0.10314251108838891
44 14 0.23008215380365735
45 14 0.20945838753685223
51 14 0.20632669387241057
364 14 0.10622695360297257
2845 14 0.24759747328695425
1999 14 0.08385908491596869
181 14 0.19009653173832408
1918 14 0.12317023949644879
0 15 0.3045418147208814
816 15 0.2741484364461826
200 15 0.3065664919974854
36 15 0.14833157311907413
9 15 0.24410457381652972
401 15 0.15364725339522292
2347 15 0.14911001035096805
13 15 0.3022076076303909
14 15 0.22219065803504282
1896 15 0.2179066938025797
25 15 0.27814414862258496
2845 15 0.3120699614900597
26 15 0.28444899174600524
2670 15 0.21757347677357777
208 15 0.1709152130544326
1521 15 0.2627856092165614
3100 15 0.27567745357197077
912 15 0.18734395074406168
0 16 0.20544229616603019
4 16 0.13082384010288087
5 16 0.10343077718899943
42 16 0.1876389837526794
9 16 0.14500505526167848
917 16 0.12255820589565528
46 16 0.14250850108077656
13 16 0.20310808907553965
14 16 0.1230911394801916
186 16 0.12023285357947364
2218 16 0.16755392243867162
1776 16 0.08078224481389867
25 16 0.17904463006773377
2845 16 0.21297044293520848
27 16 0.11630128170238588
1045 16 0.24972360881846833
1999 16 0.0492320545642229
1433 16 0.0677054339839055
851 17 0.10837892602715331
0 17 0.18722268522646854
850 17 0.04415483446328044
307 17 0.04707829600084499
33 17 0.17986422680878497
2577 17 0.06487753989088198
544 17 0.06319579165072307
2504 17 0.09802703091256816
42 17 0.16941937281311775
1600 17 0.19448425649497156
2344 17 0.10858045497163858
356 17 0.11348495974990468
184 17 0.15122348407560507
2118 17 0.14169850954146754
185 17 0.15647900239738957
2119 17 0.11617210894253428
352 17 0.11250720066888852
906 17 0.09376265561560729
2120 17 0.07721664401545567
3306 17 0.07704848537400552
2274 17 0.1570409601369128
2272 17 0.05481127671860934
4283 17 0.14292519468136447
2361 17 0.12782792635341939
1433 17 0.04948582304434383
0 18 0.2094682783626422
372 18 0.17144845668947636
33 18 0.20210981994495864
200 18 0.21149295563924625
2504 18 0.12027262404874182
42 18 0.1916649659492914
1600 18 0.21672984963114522
2344 18 0.13082604810781223
9 18 0.1490310374582905
863 18 0.08537980787333072
3044 18 0.2776263309196124
1598 18 0.08273024418001099
352 18 0.13475279380506217
2845 18 0.2169964251318205
2600 18 0.28052500244638157
495 18 0.13398870107510968
2361 18 0.15007351948959302
1814 18 0.1539631219914555
434 18 0.2324591938272913
0 19 0.2786674308685424
307 19 0.1385230416429189
33 19 0.27130897245085883
1600 19 0.2859290021370454
42 19 0.26086411845519164
9 19 0.21823018996419075
78 19 0.12245718926673516
13 19 0.2763332237780519
352 19 0.20395194631096242
25 19 0.252269764770246
2845 19 0.28619557763772074
2156 19 0.2583901337464386
723 19 0.16068145583427226
2962 19 0.16862769605845146
3306 19 0.16849323101607944
2361 19 0.21927267199549327
0 20 0.273577646235329
33 20 0.2662191878176454
352 20 0.19886216167774895
906 20 0.18011761662446774
42 20 0.2557743338219782
25 20 0.24717998013703255
2344 20 0.19493541598049902
1600 20 0.280839217503832
2156 20 0.2533003491132251
2962 20 0.163537911425238
167 20 0.25883253272590145
3306 20 0.16340344638286597
1134 21 0.15309829721319257
0 21 0.28349946097028295
2390 21 0.1802201305242491
352 21 0.2087839764127029
25 21 0.25710179487198653
2344 21 0.20485723071545298
2361 21 0.22410470209723377
0 22 0.2791096167265167
33 22 0.2717511583088331
906 22 0.18564958711565543
25 22 0.25271195062822027
2344 22 0.20046738647168671
2361 22 0.2197148578534675
0 23 0.35674158717978266
2361 23 0.29734682830673353
0 24 0.2508872123049295
307 24 0.11074282307930597
33 24 0.24352875388724593
42 24 0.23308389989157874
9 24 0.19044997140057782
401 24 0.09999265097927103
46 24 0.1879534172196759
13 24 0.24855300521443896
14 24 0.1685360556190909
2459 24 0.15983870023257085
2553 24 0.11271589875643936
25 24 0.22448954620663308
2845 24 0.2584153590741078
27 24 0.16174619784128522
26 24 0.23079438933005336
2274 24 0.22070548721537375
30 24 0.16530696974318024
3100 24 0.22202285115601889
0 25 0.29602281710531814
1 25 0.31432709265519276
3 25 0.27542365807647007
4 25 0.22140436104216882
5 25 0.19401129812828738
6 25 0.22247219310780508
7 25 0.2692595559158831
8 25 0.1458826266043749
2192 25 0.28733987853529064
9 25 0.23558557620096643
2042 25 0.2790170627816899
10 25 0.2738532724966485
401 25 0.14512825577965965
11 25 0.14741381524406028
12 25 0.25485206257526494
13 25 0.2936886100148276
14 25 0.21367166041947955
15 25 0.27814414862258496
16 25 0.17904463006773377
19 25 0.252269764770246
21 25 0.25710179487198653
20 25 0.24717998013703255
320 25 0.27137615686318867
22 25 0.25271195062822027
24 25 0.22448954620663308
27 25 0.20688180264167383
26 25 0.27592999413044195
31 25 0.35281536123517643
987 25 0.3228660395139912
372 25 0.2580029954321523
38 25 0.25249286818843325
2344 25 0.2173805868504882
43 25 0.2486160445209579
916 25 0.3158574534294427
2347 25 0.14059101273540478
41 25 0.1995910521478955
46 25 0.2330890220200645
44 25 0.28603564439119955
45 25 0.2654118781243944
51 25 0.2622801844599527
2845 25 0.3035509638744964
1999 25 0.13981257550351087
181 25 0.24605002232586626
0 26 0.30232766022873836
1 26 0.320631935778613
3 26 0.28172850119989035
5 26 0.20031614125170766
6 26 0.22877703623122533
129 26 0.20944391846517707
9 26 0.2418904193243867
131 26 0.25025796996678223
10 26 0.28015811562006876
401 26 0.1514330989030799
11 26 0.15371865836748053
13 26 0.2999934531382479
132 26 0.25404260268354584
14 26 0.2199765035428998
135 26 0.25534510669379507
15 26 0.28444899174600524
2021 26 0.17117878267500283
2023 26 0.29640226069068887
25 26 0.27592999413044195
2025 26 0.18629156576747496
24 26 0.23079438933005336
27 26 0.2131866457650941
31 26 0.3591202043585967
30 26 0.21674741766698913
307 26 0.16218327100311486
32 26 0.28130980953136653
33 26 0.2949692018110548
311 26 0.28671116033870525
42 26 0.2845243478153876
916 26 0.32216229655286294
40 26 0.2486384559031251
160 26 0.2380245375792736
41 26 0.20589589527131574
46 26 0.23939386514348476
47 26 0.16540084479935133
44 26 0.2923404875146198
522 26 0.2679203500333539
45 26 0.27171672124781465
51 26 0.268585027583373
3301 26 0.2173424735979182
49 26 0.19867911643492703
2845 26 0.3098558069979167
1999 26 0.14611741862693112
181 26 0.25235486544928654
2814 26 0.22389242423260702
1598 26 0.17558962604610717
624 26 0.23817620619732113
2943 26 0.16526914654142394
850 26 0.1592598094655503
1924 26 0.1897693359824592
126 26 0.14905260889927016
125 26 0.2043593684292629
495 26 0.22684808294120587
1381 26 0.3735187916093175
34 27 0.10916075246657364
0 27 0.23327946873997024
1 27 0.25158374428984487
32 27 0.21226161804259835
3 27 0.21268030971112223
4 27 0.15866101267682095
5 27 0.1312679497629395
6 27 0.1597288447424572
8 27 0.08313927823902703
9 27 0.17284222783561856
10 27 0.21110992413130059
401 27 0.08238490741431177
46 27 0.17034567365471665
13 27 0.2309452616494797
14 27 0.15092831205413165
45 27 0.20266852975904653
16 27 0.11630128170238588
25 27 0.20688180264167383
24 27 0.16174619784128522
26 27 0.2131866457650941
31 27 0.2900720128698286
747 27 0.16411110814790048
801 27 0.19772576624991456
3856 27 0.20426410990632582
833 28 0.130269957741397
1465 28 0.3081237404749563
1602 28 0.08826659552687247
1603 28 0.18009622189553698
572 28 0.21016346992923898
571 28 0.0849996498363545
29 28 0.25265836078066023
495 28 0.16573031415062925
1381 28 0.3124010228187409
434 28 0.2642008069028109
2613 29 0.20902903877453835
1581 29 0.2732299356436594
1297 29 0.18227237905271618
626 29 0.1982068570557045
565 29 0.23398098352452798
1238 29 0.29070041212677417
1352 29 0.19633969322452632
1351 29 0.20099327293879923
633 29 0.18377116992017636
572 29 0.30282253103719026
571 29 0.17765871094430574
1586 29 0.27795814670572755
28 29 0.25265836078066023
1344 29 0.2910246923130124
517 29 0.33127255825261515
1130 29 0.2604072916273136
2298 29 0.21730382168815252
1129 29 0.19655699313061217
1464 29 0.3202362625925471
1601 29 0.32499703687934645
1602 29 0.1809256566348237
1603 29 0.2727552830034882
1604 29 0.22958524228529814
1605 29 0.2715602714875161
1606 29 0.2771622181217651
1987 29 0.1889904710176051
1984 29 0.23970155310014302
429 29 0.2871412591797211
431 29 0.2181788881485848
495 29 0.2583893752585805
434 29 0.35685986801076214
5 30 0.13482872166483453
2849 30 0.09889122331706927
6 30 0.1632896166443522
8 30 0.08670005014092205
9 30 0.17640299973751358
11 30 0.0882312387806074
13 30 0.23450603355137473
14 30 0.15448908395602667
24 30 0.16530696974318024
26 30 0.21674741766698913
31 30 0.2936327847717236
34 30 0.11272152436846866
32 30 0.21582238994449338
33 30 0.2294817822241817
446 30 0.22816550771921246
42 30 0.2190369282285145
2344 30 0.15819801038703535
40 30 0.183151036316252
2347 30 0.08140843627195192
46 30 0.17390644555661167
47 30 0.09991342521247823
3366 30 0.08573393956562465
45 30 0.20622930166094156
186 30 0.15163079805530874
51 30 0.2030976079964999
50 30 0.21741670200535979
49 30 0.1331916968480539
48 30 0.18816012349054181
1999 30 0.080629999040058
32 31 0.358195176636101
446 31 0.3705382944108201
2344 31 0.3005707970786429
9 31 0.3187757864291212
916 31 0.3990476636575974
401 31 0.22831846600781439
46 31 0.31627923224821924
14 31 0.29686187064763425
25 31 0.35281536123517643
27 31 0.2900720128698286
26 31 0.3591202043585967
300 31 0.2666146745281753
30 31 0.2936327847717236
0 32 0.30140263250624266
645 32 0.2738576307038961
42 32 0.2835993200928919
916 32 0.3212372688303672
917 32 0.21851854223586775
401 32 0.15050807118058418
13 32 0.2990684254157521
643 32 0.31191332666016186
14 32 0.21905147582040407
27 32 0.21226161804259835
26 32 0.28130980953136653
31 32 0.358195176636101
30 32 0.21582238994449338
1562 32 0.2333968112855429
4019 32 0.1451923909044354
2814 33 0.23662678878979962
1905 33 0.2198072769938749
9 33 0.2546247838815793
3044 33 0.3832200773429012
13 33 0.31272781769544045
17 33 0.17986422680878497
19 33 0.27130897245085883
18 33 0.20210981994495864
399 33 0.323416999158994
20 33 0.2662191878176454
398 33 0.2991497773685764
22 33 0.2717511583088331
24 33 0.24352875388724593
26 33 0.2949692018110548
1045 33 0.3593433374383691
30 33 0.2294817822241817
851 33 0.23621826558661577
34 33 0.19094330851253435
987 33 0.341905247194604
2583 33 0.2865394604636637
307 33 0.17491763556030746
2000 33 0.1805066437681694
368 33 0.26531725720327026
42 33 0.29725871237258017
43 33 0.2676552522015707
46 33 0.2521282297006774
47 33 0.17813520935654392
44 33 0.3050748520718124
45 33 0.2844510858050072
356 33 0.24132429930936714
50 33 0.29563848614942545
49 33 0.21141348099211962
184 33 0.2790628236350675
48 33 0.2663819076346075
364 33 0.1812196518711276
365 33 0.1655533250681599
177 33 0.2504255230099937
360 33 0.24942089648568855
1999 33 0.1588517831841237
181 33 0.2650892300064791
33 34 0.19094330851253435
399 34 0.20665674130328093
398 34 0.18238951951286334
42 34 0.18049845451686714
27 34 0.10916075246657364
47 34 0.061374951500830874
30 34 0.11272152436846866
1033 35 0.19561803564918834
36 35 0.04636031117333784
1038 35 0.17337137474000958
37 35 0.1754176688788583
1039 35 0.0808852735149497
1121 35 0.17311496014878858
543 35 0.05749800466950575
1967 35 0.2307541336101765
57 35 0.22803881001496273
391 35 0.06652165909556712
1286 35 0.16471168217291057
1377 35 0.0702172358551664
390 35 0.0915579764856057
1287 35 0.12631550601852748
1284 35 0.16459994831884656
688 35 0.2247358464922013
747 35 0.13340219218307536
1444 35 0.07712046108103549
748 35 0.07492050057388312
605 35 0.16477922815406496
550 36 0.08710423720687786
551 36 0.05652927705345013
1368 36 0.015428671985000413
1365 36 0.16965507445787403
1088 36 0.09388514578118914
2738 36 0.24568199784674638
1089 36 0.01891597358530149
15 36 0.14833157311907413
807 36 0.01003943550779867
1354 36 0.18912939670173556
800 36 0.16118614601508524
1353 36 0.065691444077132
35 36 0.04636031117333784
2956 36 0.18938079881419248
37 36 0.13905735770552044
1124 36 0.052651662101608654
1394 36 0.01364586613509489
52 36 0.012948756537382908
540 36 0.03107480765546651
1033 36 0.1592577244758505
1034 36 0.026278858756917333
71 36 0.08165979188626464
340 36 0.03310079658206868
1037 36 0.01
338 36 0.17427224273662675
1038 36 0.13701106356667173
1039 36 0.04452496234161185
351 36 0.11272562134312479
3040 36 0.07714929087957861
73 36 0.01
1301 36 0.042479179441603815
1597 36 0.16713464131922298
631 36 0.029643643662423037
1283 36 0.12340341737567208
1286 36 0.12835137099957272
639 36 0.10079869215050513
1287 36 0.08995519484518966
1284 36 0.1282396371455087
1285 36 0.18915953430745525
102 36 0.10156410718351007
101 36 0.13588750464806604
863 36 0.04212177111249581
377 36 0.061527081764924885
106 36 0.11863750277779594
107 36 0.09320102490339453
1537 36 0.050645732394936666
104 36 0.01853372005894161
378 36 0.09285182103164641
1320 36 0.13887294572107298
835 36 0.17061624135722758
117 36 0.01
1323 36 0.02130617733164955
838 36 0.18004309550483738
596 36 0.04033395971839114
1762 36 0.08120463630008586
408 36 0.15189716665127426
409 36 0.12377694221128127
138 36 0.015120485296581034
412 36 0.18153093792878155
413 36 0.1512217400249285
133 36 0.11189348256416971
406 36 0.18910906024408308
675 36 0.19595717211083427
407 36 0.11766659780464281
674 36 0.022966741992158222
404 36 0.06410955310629304
1497 36 0.07440959775320226
405 36 0.07564574866124707
395 36 0.13819444751706514
394 36 0.19381318758130847
153 36 0.049951466419163044
393 36 0.04571895744446292
154 36 0.06395496298319524
700 36 0.13194556286516634
1476 36 0.10747712143696875
2052 36 0.011788937045151755
157 36 0.049761125660059385
696 36 0.01
396 36 0.09551489213298306
387 36 0.14368651554639947
386 36 0.06759971235262716
385 36 0.021827040902293794
384 36 0.150903645799918
391 36 0.030161347922229274
390 36 0.05519766531226785
389 36 0.04058291243770142
388 36 0.018481415121814934
170 36 0.04684736825750289
1526 36 0.0443693302982174
169 36 0.10218306954070198
442 36 0.016129398273144867
923 36 0.14454548798784955
174 36 0.2229267274249797
160 36 0.10190711895234249
2082 36 0.05581586427710829
1984 36 0.07204284215583728
906 36 0.07275021199094604
2359 36 0.08973364008875134
2358 36 0.12783141642706886
900 36 0.19089168370470813
1757 36 0.1579511696150172
422 36 0.029082220146911496
1426 36 0.05082366150496853
1154 36 0.05400060788223339
1425 36 0.03317723521299424
1022 36 0.07832880446121052
192 36 0.05934012697987779
1001 36 0.044314308059817835
2125 36 0.08274869158453643
209 36 0.07658888618762512
2640 36 0.07862342083507591
978 36 0.04600089121786939
2649 36 0.0520854316287502
229 36 0.05880450489036636
228 36 0.026301793047314885
2650 36 0.14859082429549259
1927 36 0.026972914022004565
245 36 0.01
1455 36 0.010536958068675713
1498 36 0.01727731936331268
1034 37 0.15533621646243778
408 37 0.2809545243567947
409 37 0.25283429991680173
138 37 0.14417784300210146
1038 37 0.26606842127219216
1039 37 0.17358232004713228
3040 37 0.20620664858509904
133 37 0.24095084026969016
406 37 0.31816641794960354
407 37 0.24672395551016324
395 37 0.26725180522258557
394 37 0.3228705452868289
154 37 0.19301232068871566
807 37 0.1390967932133191
2052 37 0.1408462947506722
1592 37 0.16376648632115196
1287 37 0.2190125525507101
390 37 0.1842550230177883
1284 37 0.25729699485102914
388 37 0.14753877282733538
1285 37 0.31821689201297565
35 37 0.1754176688788583
101 37 0.2649448623535865
923 37 0.27360284569337
36 37 0.13905735770552044
377 37 0.19058443947044532
1927 37 0.156030271727525
835 37 0.29967359906274804
2358 37 0.25688877413258926
245 37 0.13905735770552044
900 37 0.31994904141022856
0 38 0.27889053428672966
2 38 0.20277925202093555
4 38 0.20427207822358034
3053 38 0.25000371957884804
309 38 0.21594080525538079
2506 38 0.15501201152249255
2312 38 0.27634153808758277
2347 38 0.12345872991681629
401 38 0.12799597296107118
41 38 0.182458769329307
14 38 0.19653937760089107
326 38 0.17690728180539916
25 38 0.25249286818843325
1007 38 0.1453976391351853
13 39 0.1752726400040578
2361 39 0.11821208822149916
308 40 0.11982092634256837
310 40 0.23259118689330008
2344 40 0.19008904862317133
2347 40 0.11329947450808792
26 40 0.2486384559031251
521 40 0.26861426328814
13 40 0.2663970717875107
14 40 0.18638012219216268
30 40 0.183151036316252
1986 41 0.1355285093841097
1984 41 0.1318213188002219
4 41 0.15137026218304261
38 41 0.182458769329307
25 41 0.1995910521478955
2845 41 0.2335168650153702
401 41 0.07509415692053342
26 41 0.20589589527131574
46 41 0.16305492316093828
13 41 0.22365451115570137
1521 41 0.1842325127418719
1641 42 0.30468208740614405
5 42 0.20260565181323303
6 42 0.2310665467927507
9 42 0.24417992988591208
1907 42 0.36413939744784096
2042 42 0.28761141646663557
11 42 0.1560081689290059
401 42 0.15372260946460528
1906 42 0.16484231259623636
13 42 0.30228296369977325
1908 42 0.17726715022119954
17 42 0.16941937281311775
16 42 0.1876389837526794
19 42 0.26086411845519164
18 42 0.1916649659492914
399 42 0.3129721451633268
2864 42 0.1981697416625944
20 42 0.2557743338219782
24 42 0.23308389989157874
26 42 0.2845243478153876
30 42 0.2190369282285145
3274 42 0.3073657176777581
34 42 0.18049845451686714
32 42 0.2835993200928919
307 42 0.16447278156464024
2000 42 0.1700617897725022
2582 42 0.2638605602049444
33 42 0.29725871237258017
2001 42 0.24028261453045208
2577 42 0.18227202545467722
2344 42 0.22597494053543382
43 42 0.2572103982059035
2347 42 0.1491853664203504
46 42 0.24168337570501014
47 42 0.1676903553608767
44 42 0.29462999807614515
45 42 0.27400623180934003
51 42 0.27087453814489837
50 42 0.28519363215375826
184 42 0.2686179696394003
49 42 0.2009686269964524
185 42 0.2738734879611848
1868 42 0.3425504159940336
2693 42 0.18648735220865006
178 42 0.15063696540904226
179 42 0.23165325873565457
900 42 0.32929861289316464
177 42 0.23998066901432646
1999 42 0.1484069291884565
180 42 0.30358242365602256
181 42 0.2546443760108119
2814 42 0.2261819347941324
2371 42 0.19186141633039216
2131 42 0.2259904168287741
2676 42 0.1484069291884565
2813 42 0.28448811489518455
2504 42 0.2154215164763634
3043 42 0.41623395302354443
3042 42 0.274509938625338
867 42 0.17464763793912916
851 42 0.22577341159094855
850 42 0.16154932002707567
370 42 0.2814658725791314
356 42 0.23087944531369992
3035 42 0.22442103089268414
358 42 0.28954069833322915
359 42 0.22490670863256967
364 42 0.17077479787546038
365 42 0.15510847107249268
366 42 0.20203507134475884
360 42 0.23897604249002133
1433 42 0.16688030860813907
33 43 0.2676552522015707
42 43 0.2572103982059035
25 43 0.2486160445209579
2344 43 0.19637148036442437
401 43 0.12411914929359583
46 43 0.21207991553400068
13 43 0.2726795035287638
14 43 0.19266255393341572
868 43 0.12562568260682555
843 43 0.21354862715783907
0 44 0.31243331048949596
307 44 0.1722889212638724
33 44 0.3050748520718124
446 44 0.3037585775668431
42 44 0.29462999807614515
9 44 0.25199606958514426
2347 44 0.15700150611958258
46 44 0.2494995154042423
13 44 0.31009910339900537
14 44 0.23008215380365735
49 44 0.20878476669568458
25 44 0.28603564439119955
26 44 0.2923404875146198
1999 44 0.15622306888768867
1498 44 0.16350038825100133
655 45 0.2611025029027063
33 45 0.2844510858050072
654 45 0.18432517063541118
953 45 0.2193253724382921
446 45 0.28313481130003804
42 45 0.27400623180934003
2344 45 0.21316731396786087
9 45 0.23137230331833913
401 45 0.14091498289703233
2347 45 0.13637773985277746
917 45 0.2089254539523159
46 45 0.2288757491374372
13 45 0.2894753371322003
3366 45 0.1407032431464502
14 45 0.20945838753685223
980 45 0.1955657076387869
628 45 0.1650015319653155
25 45 0.2654118781243944
27 45 0.20266852975904653
26 45 0.27171672124781465
1999 45 0.13559930262088354
656 45 0.1743720223390969
30 45 0.20622930166094156
1375 45 0.245537613110471
156 45 0.13559930262088354
1371 45 0.24084039256482692
157 45 0.17536042828094292
0 46 0.25948668811836095
1 46 0.2777909636682355
2 46 0.18337540585256684
1641 46 0.2595516047342412
2814 46 0.18105145212222956
5 46 0.1574751691413302
6 46 0.18593606412084787
7 46 0.23272342692892586
402 46 0.26518049449728437
403 46 0.10327644651655365
9 46 0.19904944721400925
400 46 0.18531616845393267
10 46 0.23731714350969127
401 46 0.10859212679270244
11 46 0.11087768625710305
13 46 0.25715248102787036
14 46 0.17713553143252234
16 46 0.14250850108077656
25 46 0.2330890220200645
24 46 0.1879534172196759
27 46 0.17034567365471665
26 46 0.23939386514348476
31 46 0.31627923224821924
30 46 0.17390644555661167
304 46 0.2391418975885439
307 46 0.11934229889273738
33 46 0.2521282297006774
306 46 0.2858161519281704
308 46 0.11057633558292802
311 46 0.24387018822832782
313 46 0.27625897809057043
42 46 0.24168337570501014
312 46 0.1654557135249039
43 46 0.21207991553400068
41 46 0.16305492316093828
47 46 0.12255987268897388
44 46 0.2494995154042423
45 46 0.2288757491374372
50 46 0.24006314948185542
3301 46 0.17450150148754073
184 46 0.22348748696749746
49 46 0.15583814432454957
1924 46 0.14692836387208175
185 46 0.22874300528928196
156 46 0.10327644651655365
34 47 0.061374951500830874
307 47 0.04534927854860396
33 47 0.17813520935654392
42 47 0.1676903553608767
9 47 0.1250564268698758
2347 47 0.030061863404314146
46 47 0.12255987268897388
3044 47 0.25365172033119776
14 47 0.10314251108838891
49 47 0.08184512398041613
399 47 0.1938486421472905
398 47 0.1695814203568729
26 47 0.16540084479935133
1999 47 0.029283426172420225
30 47 0.09991342521247823
305 48 0.11753012445048382
304 48 0.25339557552247405
442 48 0.12365952272362868
33 48 0.2663819076346075
446 48 0.26506563312963827
310 48 0.23760027406758988
470 48 0.11787554671013757
2503 48 0.12522372129745907
8 48 0.12360017555134786
9 48 0.2133031251479394
11 48 0.1251313641910332
2347 48 0.11830856168237773
1049 48 0.15744487253005157
1051 48 0.1804397613871196
1288 48 0.12203558445456165
607 48 0.1407078560601667
30 48 0.18816012349054181
181 48 0.22376757127283922
205 49 0.15181321468848413
1641 49 0.21883685602568348
2814 49 0.14033670341367183
2849 49 0.08082292208500719
337 49 0.10814624843981265
336 49 0.09341751480532116
9 49 0.15833469850545148
828 49 0.15088623637625093
3044 49 0.28692999196677343
13 49 0.21643773231931265
827 49 0.0625616978079959
1598 49 0.09203390522717197
867 49 0.08880240655866857
26 49 0.19867911643492703
30 49 0.1331916968480539
851 49 0.13992818021048797
850 49 0.0757040886466151
307 49 0.07862755018417965
2582 49 0.17801532882448382
33 49 0.21141348099211962
446 49 0.21009720648715038
42 49 0.2009686269964524
2347 49 0.06334013503988983
46 49 0.15583814432454957
1259 49 0.14328042635753777
47 49 0.08184512398041613
1258 49 0.06697496951087649
3366 49 0.06766563833356255
44 49 0.20878476669568458
1256 49 0.15435987379612773
186 49 0.13356249682324664
1924 49 0.10621361516352398
3038 49 0.09698096576867375
1999 49 0.0625616978079959
1863 49 0.12201822088835529
1275 49 0.19168694921220794
181 49 0.1687991446303513
1036 49 0.1901608779291295
33 50 0.29563848614942545
399 50 0.31135191894017206
398 50 0.2870846971497545
42 50 0.28519363215375826
9 50 0.24255970366275736
1999 50 0.14678670296530177
496 50 0.2571236144005582
46 50 0.24006314948185542
13 50 0.30066273747661854
30 50 0.21741670200535979
306 51 0.3150073143680586
6 51 0.2151272265607361
42 51 0.27087453814489837
25 51 0.2622801844599527
312 51 0.19464687596479213
2347 51 0.1332460461883358
26 51 0.268585027583373
2318 51 0.20369686444085253
521 51 0.2885608349683879
14 51 0.20632669387241057
30 51 0.2030976079964999
68 52 0.07010448053283627
69 52 0.0715434879919608
70 52 0.24478438748485706
71 52 0.08460854842364754
64 52 0.12611449738870104
65 52 0.1410618880409973
412 52 0.18447969446616447
66 52 0.22935288919699603
413 52 0.1541704965623114
1368 52 0.01837742852238332
67 52 0.02838366806686419
72 52 0.024108067415645983
73 52 0.012948756537382908
87 52 0.04791455936109765
800 52 0.16413490255246815
1355 52 0.11643291103258055
1423 52 0.16042895421209863
36 52 0.012948756537382908
2294 52 0.06554478595737759
111 52 0.10571949638284134
798 52 0.13337844431018275
499 52 0.08370172534748586
772 52 0.1466072096644255
1566 52 0.1648015884396614
1323 52 0.024254933869032456
55 52 0.04718426676962499
54 52 0.1321888574539225
491 52 0.12853897748883605
53 52 0.0478509283994919
903 52 0.03293508022003212
59 52 0.05120793895489248
58 52 0.1799813305409385
57 52 0.19462725537900782
2362 52 0.037170013766079875
56 52 0.10547946991673354
63 52 0.06607608212373516
62 52 0.0467729573344811
1138 52 0.12003480168909846
61 52 0.047182068963716545
60 52 0.26896496515035867
1371 52 0.1181898464813263
2361 52 0.10976423926614103
3273 52 0.1972359380860834
68 53 0.10205789585756236
69 53 0.10349690331668689
70 53 0.27673780280958316
64 53 0.15806791271342713
65 53 0.1730153033657234
412 53 0.21643310979089053
66 53 0.2613063045217221
67 53 0.060337083391590274
2294 53 0.09749820128210368
111 53 0.13767291170756743
72 53 0.05606148274037207
73 53 0.04490217186210899
499 53 0.11565514067221196
800 53 0.19608831787719422
54 53 0.16414227277864857
52 53 0.0478509283994919
56 53 0.13743288524145963
63 53 0.09802949744846123
62 53 0.07872637265920719
60 53 0.30091838047508473
605 53 0.1633210888428361
68 54 0.18639582491199297
69 54 0.18783483237111748
70 54 0.36107573186401376
64 54 0.2424058417678577
65 54 0.25735323242015395
1698 54 0.22720536564606222
412 54 0.30077103884532114
66 54 0.3456442335761527
1368 54 0.13466877290154
67 54 0.14467501244602088
72 54 0.14039941179480267
133 54 0.23113358348070928
73 54 0.1292401009165396
1705 54 0.21632775604795856
393 54 0.1649590583610025
1355 54 0.23272425541173725
2294 54 0.18183613033653429
1059 54 0.25398185064191725
111 54 0.222010840761998
522 54 0.2510430323229624
912 54 0.16825247854152714
499 54 0.19999306972664255
911 54 0.19787358942914654
1566 54 0.2810929328188181
53 54 0.16414227277864857
52 54 0.1321888574539225
56 54 0.22177081429589024
63 54 0.18236742650289184
62 54 0.16306430171363778
2152 54 0.25787373861396334
69 55 0.10283024168681998
71 55 0.11589530211850672
1250 55 0.17534323331154875
651 55 0.05835285832077024
1249 55 0.14186050004681983
446 55 0.19177101891139656
650 55 0.05681260035625256
978 55 0.08023640145011149
2622 55 0.10713769024909725
980 55 0.10420191525014542
1301 55 0.0767146896738459
1979 55 0.18777705929946048
1507 55 0.19536375205918408
628 55 0.07363773957667405
52 55 0.04718426676962499
1449 55 0.06436184304845965
59 55 0.08249469264975165
875 55 0.13282357191890845
998 55 0.09404718124418321
1480 55 0.1538611928228598
68 56 0.159686437374804
69 56 0.16112544483392854
70 56 0.33436634432682477
64 56 0.21569645423066874
1968 56 0.2531208272366616
65 56 0.23064384488296502
1969 56 0.23056488916026796
3400 56 0.26855603280277873
66 56 0.31893484603896377
67 56 0.11796562490883192
72 56 0.11369002425761371
73 56 0.10253071337935064
404 56 0.1566402664856437
869 56 0.2558625374059989
1355 56 0.20601486787454829
1054 56 0.16103132134444437
1967 56 0.28692453581618926
875 56 0.191118775066017
815 56 0.26172129146715123
688 56 0.2809062486982141
447 56 0.210691741010611
2294 56 0.15512674279934532
111 56 0.19530145322480907
797 56 0.2623036117005524
499 56 0.17328368218945361
427 56 0.3023646063164132
772 56 0.2361891665063932
1566 56 0.2543835452816291
1323 56 0.11383689071100019
428 56 0.2661613718398554
54 56 0.22177081429589024
905 56 0.29240395187870255
53 56 0.13743288524145963
52 56 0.10547946991673354
58 56 0.26956328738290625
1516 56 0.24274751372065745
57 56 0.28420921222097556
63 56 0.15565803896570288
62 56 0.13635491417644885
1138 56 0.2096167585310662
61 56 0.13676402580568428
60 56 0.3585469219923264
820 57 0.21853251372747662
1220 57 0.1977762395616622
548 57 0.3108049054304759
549 57 0.26316959408649526
547 57 0.311301192586419
819 57 0.21559574261926365
402 57 0.3535825468223556
400 57 0.27371822077900393
2738 57 0.4273604966883713
675 57 0.3776356709524592
674 57 0.20464524083378313
3269 57 0.2354600713977087
2598 57 0.31201310997257803
3268 57 0.26891117789931324
3265 57 0.19480622316610435
1355 57 0.29516265333682257
694 57 0.24225768421453014
693 57 0.2193522381501148
815 57 0.3508690769294255
689 57 0.20084095956391568
305 57 0.1916784988416249
2002 57 0.234415477042014
652 57 0.3193490353620841
35 57 0.22803881001496273
1251 57 0.3288151546800764
798 57 0.31210818661442474
797 57 0.35145139716282664
917 57 0.2650046501730573
1535 57 0.26235176212589006
521 57 0.3477717248535709
911 57 0.2603119873542319
427 57 0.39151239177868746
2080 57 0.20416937422736883
2081 57 0.21500697840416175
2970 57 0.26726729914994074
1750 57 0.28914467365833096
52 57 0.19462725537900782
541 57 0.23430890223412842
1517 57 0.22601480225467172
58 57 0.3587110728451805
540 57 0.21275330649709143
543 57 0.20281619233779283
1383 57 0.20862753456958424
56 57 0.28420921222097556
1379 57 0.24081349636693564
205 57 0.2809300157221131
69 57 0.2502732302962028
206 57 0.2624187499538322
1968 57 0.3422686126989359
64 57 0.30484423969294305
1969 57 0.3197126746225422
473 57 0.19225677532909868
349 57 0.1983390181795828
736 57 0.3196397538653793
193 57 0.19547131581581656
1289 57 0.3188263196100155
631 57 0.21132214250404793
869 57 0.34501032286827316
1592 57 0.21638762745725643
1054 57 0.2501791068067186
2125 57 0.26442719042616136
1967 57 0.3760723212784636
2397 57 0.22712250118941335
1043 57 0.31719454706350547
1042 57 0.2744883163659539
1966 57 0.3057197859284637
208 57 0.21426213877698339
209 57 0.25826738502925
449 57 0.21488127210825464
211 57 0.27396762897388677
448 57 0.2510057248453114
1668 57 0.23247207789355595
2538 57 0.2305087150545969
2650 57 0.3302693231371175
496 57 0.3020154102768813
863 57 0.22380026995412072
3013 57 0.30706839322778207
225 57 0.35858807601693166
3012 57 0.23603838668367796
3234 57 0.19301550718607513
492 57 0.23002453985904206
1805 57 0.2867157051157121
1923 57 0.2897768475703727
491 57 0.30726871979307807
598 57 0.4219362262902896
490 57 0.20625876567281037
601 57 0.2705827181264697
600 57 0.23949919534823932
3110 57 0.33629465700482647
606 57 0.19361257793302156
747 57 0.27872037985136244
434 57 0.3708796559080813
2088 57 0.21605718612179262
205 58 0.2662840908840438
820 58 0.2038865888894073
69 58 0.23562730545813348
684 58 0.23534266125761205
206 58 0.24777282511576287
683 58 0.276970983845026
1968 58 0.32762268786086657
200 58 0.3352674928819669
816 58 0.30284943733066405
1969 58 0.3050667497844729
749 58 0.29625385223663003
819 58 0.20094981778119433
473 58 0.17761085049102937
402 58 0.3389366219842863
400 58 0.2590722959409346
72 58 0.18819188488181868
631 58 0.19667621766597862
2592 58 0.23403302799347445
2125 58 0.24978126558809202
1967 58 0.3614263964403942
815 58 0.33622315209135617
208 58 0.19961621393891407
811 58 0.3313117096337185
652 58 0.3047031105240148
2005 58 0.2028883935705784
797 58 0.3368054723247573
917 58 0.25035872533498793
1536 58 0.32907789867551746
496 58 0.287369485438812
1122 58 0.40484799815929867
521 58 0.3331258000155016
492 58 0.21537861502097275
2355 58 0.22225645850182127
427 58 0.3768664669406182
426 58 0.3082571957118597
1323 58 0.18833875133520514
428 58 0.34066323246406033
491 58 0.29262279495500876
1921 58 0.24902572781181065
490 58 0.19161284083474106
52 58 0.1799813305409385
541 58 0.2196629773960591
57 58 0.3587110728451805
1383 58 0.19398160973151493
56 58 0.26956328738290625
1140 58 0.20768665962395
2364 58 0.1831612967515934
1379 58 0.22616757152886632
495 58 0.2577632383178303
548 58 0.2961589805924066
547 58 0.29665526774834966
1007 58 0.1997499204538185
